data/dem/DEM_30_0000672000_0009672000.asc
ncols 800
nrows 800
xllcenter 672015.000000
yllcenter -327985.000000
cellsize 30.000000
nodata_value -9999
[rows 152 to 189 of 800, columns 168 to 251 of 800]
3379 3368 3358 3352 3349 3353 3359 3365 3371 3375 3379 3380 3380 3380 3378 3372 3364 3353 3340 3327 3326 3328 3334 3341 3350 3360 3370 3380 3389 3397 3403 3407 3412 3417 3422 3423 3423 3423 3422 3422 3425 3429 3434 3438 3442 3443 3442 3442 3443 3444 3444 3443 3442 3441 3438 3434 3430 3431 3436 3445 3453 3461 3468 3473 3477 3481 3488 3497 3507 3518 3534 3550 3565 3575 3576 3565 3553 3539 3524 3508 3491 3476 3462 3447
3382 3371 3364 3360 3361 3367 3374 3380 3385 3388 3391 3392 3391 3389 3386 3378 3368 3356 3343 3331 3332 3336 3342 3349 3357 3366 3375 3385 3394 3402 3408 3413 3419 3425 3431 3434 3437 3439 3440 3440 3442 3445 3449 3453 3457 3459 3459 3460 3460 3461 3461 3461 3460 3459 3457 3452 3449 3449 3454 3461 3467 3475 3482 3487 3490 3493 3498 3506 3515 3526 3541 3557 3569 3575 3572 3557 3543 3528 3513 3498 3482 3467 3453 3438
3383 3376 3371 3370 3374 3381 3388 3394 3398 3401 3402 3402 3401 3398 3394 3384 3373 3361 3348 3338 3339 3344 3350 3357 3363 3371 3380 3389 3398 3406 3413 3419 3425 3431 3438 3444 3450 3454 3457 3458 3459 3461 3464 3467 3472 3474 3476 3477 3477 3477 3477 3477 3477 3476 3473 3469 3467 3467 3469 3474 3480 3487 3493 3499 3502 3503 3507 3513 3522 3533 3547 3560 3570 3573 3566 3549 3534 3519 3504 3488 3473 3458 3444 3429
3386 3382 3380 3383 3388 3395 3401 3406 3410 3413 3414 3413 3411 3407 3401 3390 3378 3366 3355 3347 3349 3353 3358 3363 3369 3376 3384 3393 3401 3410 3417 3424 3431 3438 3446 3454 3461 3467 3471 3473 3474 3476 3479 3482 3485 3489 3491 3492 3493 3492 3493 3493 3493 3491 3489 3485 3482 3482 3483 3486 3491 3498 3504 3508 3511 3512 3515 3520 3528 3539 3551 3562 3568 3568 3558 3541 3525 3510 3494 3478 3463 3448 3435 3420
3389 3389 3392 3396 3402 3408 3414 3419 3423 3425 3426 3425 3422 3416 3408 3396 3384 3373 3363 3357 3358 3361 3365 3370 3375 3381 3389 3396 3404 3413 3422 3430 3438 3446 3454 3463 3471 3478 3483 3486 3488 3490 3493 3496 3499 3503 3506 3508 3509 3509 3509 3509 3509 3507 3503 3499 3497 3496 3496 3498 3503 3508 3513 3517 3520 3521 3523 3528 3534 3544 3553 3560 3563 3560 3549 3533 3516 3501 3485 3468 3453 3438 3424 3411
3393 3396 3402 3409 3417 3422 3427 3431 3435 3437 3438 3437 3432 3425 3415 3402 3390 3379 3371 3366 3368 3370 3373 3377 3381 3387 3393 3400 3408 3417 3426 3435 3444 3453 3463 3473 3481 3488 3494 3498 3500 3503 3506 3510 3513 3518 3522 3524 3526 3527 3527 3527 3526 3523 3518 3514 3511 3509 3509 3511 3516 3520 3523 3526 3528 3530 3533 3536 3541 3548 3554 3557 3556 3550 3539 3523 3507 3491 3476 3460 3444 3428 3414 3401
3398 3402 3409 3418 3427 3434 3439 3444 3448 3451 3450 3447 3441 3433 3422 3409 3397 3386 3378 3375 3377 3379 3382 3385 3388 3393 3399 3406 3414 3422 3431 3440 3450 3461 3471 3480 3489 3497 3503 3508 3512 3516 3521 3526 3531 3536 3540 3543 3547 3549 3549 3548 3544 3539 3534 3529 3525 3524 3524 3527 3531 3535 3537 3539 3540 3542 3545 3547 3550 3554 3556 3555 3550 3541 3529 3514 3500 3485 3471 3456 3439 3422 3407 3394
3403 3409 3416 3426 3437 3445 3451 3457 3462 3464 3462 3457 3450 3441 3430 3417 3404 3393 3385 3382 3384 3387 3390 3393 3396 3401 3407 3415 3422 3430 3438 3447 3457 3468 3478 3488 3497 3506 3513 3520 3524 3530 3537 3544 3550 3555 3558 3562 3566 3569 3568 3565 3560 3554 3547 3543 3539 3538 3539 3543 3547 3550 3551 3552 3552 3554 3556 3558 3559 3560 3558 3554 3545 3534 3521 3508 3494 3481 3467 3453 3436 3418 3403 3389
3410 3417 3425 3436 3447 3457 3465 3471 3476 3477 3474 3467 3459 3449 3438 3425 3412 3400 3392 3388 3391 3394 3398 3401 3405 3410 3417 3425 3432 3438 3445 3453 3463 3474 3485 3496 3506 3515 3524 3532 3539 3547 3555 3562 3569 3573 3577 3580 3584 3586 3585 3581 3574 3566 3559 3555 3553 3553 3555 3559 3562 3563 3564 3564 3564 3565 3567 3567 3566 3565 3560 3553 3542 3530 3517 3504 3491 3479 3466 3452 3434 3416 3400 3386
3418 3426 3436 3448 3460 3470 3479 3486 3489 3490 3484 3477 3468 3458 3447 3434 3420 3407 3398 3393 3396 3400 3405 3410 3414 3420 3427 3435 3441 3447 3453 3461 3470 3480 3492 3503 3515 3526 3536 3546 3555 3564 3572 3580 3586 3590 3594 3597 3600 3602 3599 3594 3586 3578 3571 3567 3566 3567 3570 3574 3575 3576 3576 3575 3575 3576 3577 3576 3573 3568 3561 3551 3540 3527 3515 3503 3491 3479 3467 3454 3434 3416 3399 3384
3428 3437 3449 3461 3475 3485 3494 3500 3502 3501 3494 3486 3477 3467 3457 3443 3428 3414 3403 3398 3401 3406 3412 3418 3424 3431 3438 3444 3450 3455 3461 3469 3477 3487 3499 3511 3524 3537 3548 3559 3570 3579 3588 3596 3601 3606 3609 3612 3614 3615 3610 3604 3597 3589 3583 3580 3579 3581 3584 3587 3588 3588 3588 3587 3587 3587 3587 3585 3579 3570 3560 3549 3537 3525 3515 3503 3492 3482 3470 3457 3436 3417 3400 3385
3440 3451 3464 3477 3491 3501 3508 3512 3513 3511 3505 3496 3486 3475 3465 3452 3437 3424 3411 3403 3406 3412 3419 3427 3434 3441 3447 3453 3458 3464 3470 3476 3485 3495 3507 3520 3534 3547 3560 3572 3582 3591 3600 3607 3613 3617 3621 3624 3626 3626 3620 3614 3606 3600 3594 3592 3591 3592 3595 3598 3598 3598 3597 3597 3596 3595 3594 3591 3584 3574 3561 3548 3535 3524 3515 3506 3496 3487 3476 3462 3442 3421 3403 3386
3453 3464 3477 3492 3506 3515 3521 3524 3524 3521 3514 3506 3495 3484 3474 3460 3447 3433 3420 3411 3414 3420 3427 3436 3444 3451 3457 3462 3467 3472 3478 3485 3494 3504 3516 3529 3542 3556 3569 3581 3591 3600 3609 3616 3622 3627 3631 3634 3636 3635 3630 3624 3617 3612 3607 3605 3603 3603 3605 3608 3608 3607 3606 3605 3603 3602 3599 3595 3588 3577 3563 3549 3536 3525 3517 3509 3501 3492 3480 3467 3447 3426 3406 3389
3467 3477 3490 3504 3518 3528 3534 3537 3536 3531 3524 3516 3506 3495 3483 3470 3456 3443 3430 3420 3423 3429 3437 3445 3454 3462 3467 3472 3476 3480 3486 3494 3503 3514 3525 3537 3550 3563 3576 3588 3598 3607 3616 3623 3629 3634 3639 3642 3644 3644 3640 3634 3630 3625 3622 3619 3616 3615 3616 3617 3616 3615 3613 3611 3609 3607 3603 3598 3590 3579 3565 3551 3538 3528 3519 3513 3505 3496 3484 3470 3451 3431 3411 3394
3480 3490 3501 3514 3529 3539 3546 3549 3548 3542 3534 3526 3516 3505 3493 3480 3466 3452 3440 3432 3434 3439 3446 3455 3465 3472 3477 3481 3484 3488 3495 3503 3513 3523 3534 3546 3558 3570 3583 3594 3603 3612 3620 3628 3634 3640 3645 3649 3652 3652 3649 3645 3642 3639 3636 3633 3630 3628 3627 3627 3624 3622 3620 3617 3614 3611 3605 3599 3591 3580 3567 3554 3542 3532 3524 3517 3509 3499 3487 3473 3455 3436 3417 3401
3492 3502 3513 3525 3538 3548 3555 3559 3558 3553 3545 3536 3526 3516 3504 3490 3476 3463 3452 3444 3445 3450 3457 3466 3475 3481 3486 3490 3493 3495 3503 3512 3522 3532 3543 3554 3566 3578 3590 3601 3609 3616 3624 3632 3638 3645 3651 3656 3660 3661 3659 3656 3654 3651 3649 3646 3643 3640 3638 3636 3632 3629 3626 3622 3618 3613 3606 3599 3591 3582 3569 3558 3548 3538 3529 3521 3512 3501 3488 3475 3459 3442 3425 3409
3503 3513 3525 3536 3548 3557 3564 3568 3567 3563 3555 3547 3539 3528 3515 3501 3487 3474 3463 3456 3457 3462 3468 3476 3484 3491 3497 3501 3503 3505 3512 3520 3529 3540 3551 3561 3572 3583 3595 3605 3613 3621 3628 3635 3642 3649 3656 3662 3666 3670 3669 3668 3666 3665 3663 3660 3656 3653 3649 3644 3640 3636 3631 3626 3621 3615 3607 3600 3591 3582 3571 3561 3552 3543 3533 3524 3515 3503 3491 3477 3463 3447 3432 3416
3514 3525 3537 3548 3560 3568 3574 3578 3577 3573 3567 3559 3550 3539 3526 3511 3496 3483 3472 3466 3468 3473 3479 3486 3494 3501 3507 3512 3514 3516 3522 3530 3539 3549 3559 3568 3578 3588 3598 3608 3617 3624 3632 3639 3646 3654 3661 3667 3673 3678 3679 3679 3679 3678 3676 3672 3669 3665 3660 3653 3647 3642 3636 3630 3624 3617 3610 3601 3592 3583 3573 3565 3556 3548 3538 3528 3517 3507 3494 3481 3467 3453 3438 3423
3525 3536 3548 3560 3571 3580 3586 3589 3589 3586 3579 3571 3561 3549 3536 3521 3506 3492 3481 3475 3477 3482 3488 3495 3503 3510 3517 3523 3526 3528 3534 3542 3550 3559 3568 3576 3584 3593 3602 3611 3620 3629 3636 3644 3651 3659 3666 3673 3680 3685 3688 3690 3691 3690 3688 3684 3679 3675 3669 3662 3655 3648 3641 3635 3629 3622 3613 3604 3595 3586 3577 3568 3560 3552 3542 3531 3521 3510 3498 3485 3472 3458 3444 3428
3535 3546 3558 3571 3584 3592 3598 3601 3601 3599 3591 3582 3572 3560 3546 3531 3516 3502 3490 3483 3485 3490 3496 3504 3512 3519 3527 3533 3539 3543 3549 3555 3563 3570 3577 3585 3592 3599 3607 3615 3625 3633 3641 3649 3657 3664 3671 3678 3686 3693 3697 3700 3702 3702 3699 3694 3689 3683 3677 3670 3661 3654 3647 3640 3635 3627 3618 3609 3599 3590 3581 3572 3564 3556 3547 3535 3525 3514 3502 3489 3477 3464 3449 3434
3544 3555 3568 3581 3595 3605 3612 3615 3615 3611 3603 3594 3583 3570 3556 3541 3527 3512 3499 3490 3491 3496 3504 3512 3520 3528 3536 3545 3552 3559 3565 3570 3576 3582 3588 3595 3601 3608 3615 3622 3631 3640 3647 3655 3663 3670 3676 3683 3691 3700 3705 3709 3712 3712 3711 3705 3698 3691 3683 3676 3668 3660 3652 3645 3640 3633 3623 3613 3603 3595 3586 3577 3569 3560 3551 3540 3529 3517 3505 3493 3481 3469 3456 3440
3555 3567 3580 3594 3608 3617 3624 3627 3627 3623 3614 3603 3592 3579 3564 3551 3537 3523 3510 3499 3499 3503 3510 3519 3528 3537 3547 3556 3565 3573 3580 3586 3591 3596 3601 3608 3614 3621 3627 3633 3641 3649 3657 3664 3671 3677 3683 3689 3696 3705 3711 3715 3718 3719 3719 3714 3707 3699 3690 3681 3672 3664 3657 3650 3645 3638 3629 3619 3609 3599 3591 3582 3574 3565 3556 3545 3533 3521 3509 3498 3487 3476 3463 3447
3566 3578 3592 3606 3619 3629 3635 3638 3638 3633 3624 3612 3600 3587 3573 3560 3547 3534 3521 3510 3507 3510 3516 3525 3536 3547 3557 3567 3576 3586 3593 3600 3606 3611 3616 3622 3628 3634 3639 3645 3652 3660 3666 3673 3680 3685 3689 3695 3701 3709 3715 3720 3724 3726 3727 3722 3716 3707 3697 3685 3677 3669 3662 3655 3650 3643 3635 3625 3615 3604 3595 3587 3578 3569 3561 3549 3537 3524 3513 3503 3492 3482 3470 3455
3578 3590 3603 3616 3630 3639 3646 3649 3648 3644 3633 3621 3608 3595 3582 3570 3557 3545 3533 3522 3517 3517 3522 3531 3543 3555 3567 3577 3587 3597 3606 3614 3621 3627 3632 3637 3642 3647 3652 3657 3664 3670 3676 3683 3689 3693 3697 3701 3706 3713 3719 3725 3730 3733 3734 3729 3723 3714 3703 3691 3682 3673 3666 3660 3655 3647 3640 3631 3620 3608 3600 3591 3582 3573 3564 3552 3540 3527 3516 3506 3496 3485 3474 3461
3589 3601 3613 3626 3639 3649 3656 3660 3659 3654 3644 3632 3619 3605 3592 3579 3567 3556 3545 3534 3528 3525 3528 3537 3550 3563 3576 3587 3597 3607 3618 3628 3637 3643 3647 3651 3655 3660 3664 3669 3675 3681 3687 3692 3698 3702 3704 3708 3712 3717 3724 3731 3736 3740 3741 3736 3729 3720 3709 3697 3687 3678 3671 3666 3660 3652 3644 3635 3625 3613 3604 3595 3585 3575 3565 3554 3541 3529 3518 3507 3497 3487 3477 3466
3602 3613 3624 3637 3649 3659 3667 3671 3671 3665 3655 3644 3631 3617 3603 3590 3578 3567 3557 3547 3539 3534 3535 3543 3556 3571 3584 3595 3606 3617 3630 3643 3652 3658 3661 3665 3668 3672 3677 3681 3686 3692 3698 3703 3708 3711 3713 3715 3718 3723 3729 3736 3742 3746 3747 3743 3736 3727 3716 3704 3693 3684 3677 3672 3667 3658 3649 3640 3629 3618 3608 3598 3587 3576 3564 3553 3541 3529 3517 3507 3496 3487 3478 3470
3616 3626 3636 3647 3659 3668 3676 3681 3682 3678 3669 3660 3648 3634 3618 3604 3592 3581 3571 3561 3554 3548 3547 3551 3562 3576 3589 3601 3614 3627 3641 3654 3664 3669 3672 3676 3679 3683 3688 3693 3698 3704 3709 3712 3716 3719 3722 3724 3728 3731 3737 3743 3749 3753 3754 3750 3744 3735 3724 3711 3700 3692 3685 3680 3674 3664 3654 3644 3634 3622 3611 3600 3589 3576 3563 3552 3539 3527 3517 3508 3498 3489 3481 3476
3628 3637 3647 3657 3668 3677 3685 3691 3692 3689 3683 3675 3665 3651 3634 3620 3608 3597 3587 3577 3569 3563 3560 3562 3569 3581 3594 3607 3621 3636 3650 3663 3673 3680 3684 3688 3691 3694 3699 3705 3710 3715 3719 3722 3725 3729 3733 3736 3738 3741 3745 3751 3756 3759 3759 3756 3751 3743 3732 3719 3710 3702 3695 3689 3681 3669 3658 3648 3637 3625 3614 3602 3591 3578 3564 3551 3539 3528 3519 3511 3503 3495 3488 3484
3638 3648 3657 3667 3676 3685 3693 3699 3702 3701 3695 3689 3679 3667 3652 3638 3626 3615 3604 3595 3586 3579 3575 3574 3578 3588 3599 3613 3629 3644 3658 3671 3681 3689 3696 3701 3704 3707 3711 3717 3721 3725 3729 3733 3736 3741 3744 3747 3749 3751 3755 3759 3763 3765 3766 3762 3757 3750 3740 3729 3721 3713 3705 3697 3686 3673 3662 3651 3640 3629 3617 3605 3593 3579 3564 3553 3541 3531 3524 3518 3510 3504 3499 3495
3646 3656 3666 3675 3683 3692 3700 3707 3710 3711 3706 3701 3693 3683 3670 3658 3646 3634 3623 3613 3604 3597 3592 3589 3588 3596 3606 3620 3635 3651 3665 3678 3689 3699 3707 3713 3717 3720 3723 3728 3732 3736 3740 3744 3748 3752 3755 3758 3759 3761 3764 3767 3770 3772 3772 3768 3763 3756 3749 3741 3732 3724 3714 3703 3690 3676 3664 3653 3642 3632 3620 3608 3595 3581 3566 3555 3546 3538 3531 3526 3520 3515 3511 3507
3654 3663 3673 3681 3690 3699 3707 3713 3718 3719 3717 3713 3707 3700 3689 3678 3667 3656 3644 3633 3624 3616 3610 3604 3600 3604 3614 3627 3642 3658 3671 3684 3696 3707 3716 3723 3728 3732 3735 3739 3743 3747 3751 3755 3760 3763 3766 3767 3769 3770 3773 3776 3779 3780 3779 3774 3769 3763 3757 3752 3743 3733 3721 3707 3692 3678 3666 3655 3644 3634 3622 3609 3596 3582 3568 3559 3552 3547 3542 3537 3532 3527 3522 3518
3660 3669 3677 3686 3694 3703 3712 3718 3724 3727 3727 3725 3721 3715 3706 3696 3686 3676 3665 3654 3645 3636 3628 3621 3616 3618 3625 3636 3650 3665 3677 3690 3701 3712 3721 3729 3736 3742 3746 3749 3752 3756 3760 3765 3770 3773 3776 3778 3780 3780 3782 3785 3788 3788 3788 3783 3778 3772 3765 3758 3748 3735 3721 3707 3691 3678 3668 3658 3648 3638 3626 3614 3601 3588 3577 3569 3562 3556 3552 3548 3544 3539 3533 3528
3666 3674 3682 3690 3699 3708 3716 3723 3730 3735 3737 3738 3735 3730 3722 3714 3705 3695 3685 3674 3664 3655 3646 3640 3635 3635 3638 3647 3658 3672 3684 3696 3707 3717 3726 3735 3743 3751 3756 3759 3762 3765 3769 3774 3779 3782 3786 3788 3790 3790 3791 3793 3795 3796 3795 3791 3786 3779 3771 3761 3749 3736 3721 3706 3691 3680 3671 3662 3653 3644 3634 3622 3609 3598 3588 3580 3572 3566 3562 3558 3555 3550 3545 3539
3672 3679 3687 3695 3704 3713 3721 3729 3736 3743 3747 3750 3749 3745 3739 3731 3723 3714 3703 3692 3681 3672 3664 3657 3653 3651 3652 3657 3666 3678 3690 3703 3714 3724 3733 3742 3751 3758 3764 3769 3771 3775 3779 3783 3788 3791 3794 3796 3798 3799 3800 3801 3802 3802 3801 3797 3791 3784 3774 3762 3749 3735 3721 3707 3694 3684 3675 3667 3660 3652 3642 3632 3620 3610 3600 3591 3584 3578 3573 3569 3565 3561 3556 3549
3676 3683 3691 3700 3709 3717 3725 3733 3741 3749 3756 3761 3762 3760 3754 3748 3740 3731 3720 3708 3697 3687 3679 3673 3668 3665 3665 3668 3675 3684 3698 3710 3722 3732 3741 3750 3758 3766 3773 3778 3781 3785 3789 3793 3797 3799 3801 3804 3805 3807 3808 3809 3809 3808 3806 3802 3795 3787 3775 3762 3749 3735 3722 3710 3698 3690 3682 3674 3668 3661 3652 3642 3632 3622 3612 3603 3595 3589 3584 3580 3576 3571 3566 3560
3678 3686 3694 3703 3712 3719 3727 3735 3744 3753 3763 3770 3774 3772 3768 3763 3756 3747 3736 3723 3711 3701 3693 3687 3682 3678 3676 3678 3683 3692 3705 3718 3730 3741 3750 3758 3767 3774 3782 3787 3791 3794 3797 3801 3804 3807 3809 3811 3813 3815 3816 3816 3816 3814 3811 3806 3799 3789 3777 3762 3749 3736 3724 3714 3705 3697 3690 3684 3677 3671 3662 3652 3643 3633 3623 3614 3606 3599 3594 3591 3587 3582 3576 3571
3676 3684 3693 3703 3711 3717 3723 3730 3738 3749 3763 3773 3779 3780 3779 3774 3767 3758 3747 3733 3722 3713 3706 3700 3693 3688 3686 3688 3693 3702 3714 3726 3739 3750 3761 3769 3777 3784 3790 3795 3798 3802 3805 3809 3812 3815 3818 3820 3822 3823 3824 3824 3823 3820 3816 3810 3802 3793 3780 3765 3753 3741 3731 3723 3716 3710 3704 3699 3692 3684 3674 3663 3652 3642 3632 3623 3614 3607 3603 3601 3597 3593 3589 3585
3669 3678 3687 3696 3705 3710 3715 3722 3731 3743 3759 3771 3778 3783 3785 3782 3776 3768 3757 3743 3733 3725 3719 3712 3705 3699 3697 3698 3704 3712 3724 3736 3749 3761 3772 3780 3787 3793 3798 3802 3806 3810 3813 3817 3820 3823 3826 3828 3830 3831 3831 3831 3830 3826 3820 3814 3806 3796 3784 3770 3758 3748 3740 3734 3729 3724 3720 3715 3708 3698 3686 3674 3662 3651 3641 3632 3623 3617 3613 3612 3609 3606 3603 3601
