data/dem/DEM_30_0000768000_0009792000.asc
ncols 800
nrows 800
xllcenter 768015.000000
yllcenter -207985.000000
cellsize 30.000000
nodata_value -9999
[rows 0 to 37 of 800, columns 252 to 335 of 800]
3569 3596 3618 3633 3640 3644 3649 3652 3656 3659 3664 3668 3673 3677 3678 3677 3674 3670 3668 3665 3661 3657 3653 3648 3644 3639 3634 3629 3624 3618 3612 3605 3599 3592 3583 3573 3563 3552 3538 3521 3504 3491 3482 3475 3470 3467 3469 3469 3463 3453 3441 3432 3418 3400 3380 3360 3341 3325 3312 3306 3306 3310 3311 3312 3313 3311 3302 3293 3285 3280 3277 3276 3278 3281 3285 3289 3288 3285 3280 3274 3268 3258 3249 3241
3564 3581 3596 3611 3624 3635 3641 3645 3650 3654 3658 3662 3665 3668 3669 3670 3668 3666 3664 3662 3660 3656 3652 3648 3644 3640 3635 3630 3625 3619 3612 3605 3598 3590 3580 3570 3559 3547 3533 3517 3500 3485 3473 3462 3452 3442 3441 3440 3438 3434 3426 3408 3387 3368 3355 3345 3333 3324 3319 3317 3319 3319 3320 3320 3321 3320 3314 3306 3297 3287 3281 3282 3285 3289 3292 3293 3290 3285 3280 3273 3266 3257 3249 3242
3554 3568 3583 3599 3614 3629 3635 3637 3639 3643 3647 3651 3655 3660 3662 3663 3662 3661 3660 3659 3658 3655 3652 3649 3646 3643 3639 3633 3627 3620 3614 3608 3600 3592 3581 3570 3558 3545 3532 3518 3504 3489 3473 3457 3443 3432 3420 3410 3403 3398 3395 3383 3368 3352 3337 3326 3325 3323 3322 3324 3329 3333 3335 3335 3334 3331 3324 3316 3308 3300 3293 3293 3295 3298 3299 3298 3293 3287 3282 3276 3271 3263 3255 3248
3538 3551 3565 3580 3593 3606 3616 3624 3630 3635 3639 3643 3647 3651 3653 3655 3655 3655 3656 3656 3656 3655 3653 3650 3648 3645 3641 3636 3631 3624 3617 3609 3600 3590 3580 3568 3556 3542 3528 3516 3504 3488 3472 3457 3443 3431 3419 3407 3397 3387 3378 3370 3362 3353 3345 3340 3341 3343 3345 3349 3353 3355 3355 3353 3349 3343 3333 3325 3317 3311 3305 3304 3305 3307 3307 3306 3300 3293 3287 3280 3274 3268 3262 3255
3526 3538 3550 3562 3574 3587 3598 3609 3617 3624 3629 3635 3639 3643 3646 3647 3649 3650 3652 3654 3656 3655 3653 3652 3649 3647 3644 3639 3634 3627 3619 3610 3600 3590 3580 3568 3554 3540 3526 3514 3503 3487 3472 3457 3444 3431 3419 3409 3400 3390 3380 3376 3372 3368 3365 3363 3363 3363 3364 3367 3370 3371 3369 3365 3358 3350 3340 3332 3325 3320 3316 3315 3315 3315 3314 3312 3305 3298 3291 3285 3279 3274 3269 3264
3518 3527 3537 3548 3558 3570 3582 3594 3603 3612 3619 3626 3632 3636 3639 3641 3644 3647 3650 3654 3657 3656 3655 3653 3652 3651 3648 3643 3637 3630 3622 3612 3602 3592 3581 3568 3555 3541 3527 3515 3505 3490 3476 3461 3447 3435 3425 3417 3410 3403 3396 3394 3393 3392 3390 3389 3386 3383 3382 3384 3386 3384 3381 3374 3366 3356 3348 3340 3334 3329 3326 3324 3323 3322 3320 3316 3309 3302 3295 3289 3284 3280 3276 3271
3513 3521 3528 3536 3545 3556 3569 3580 3590 3600 3609 3618 3625 3630 3634 3636 3639 3644 3649 3655 3660 3659 3658 3656 3656 3656 3653 3647 3640 3632 3624 3613 3603 3593 3582 3570 3557 3544 3531 3520 3510 3496 3483 3469 3455 3443 3435 3430 3426 3422 3419 3418 3418 3417 3416 3414 3409 3405 3402 3401 3401 3397 3391 3383 3373 3363 3356 3350 3344 3340 3337 3334 3331 3329 3325 3320 3313 3306 3299 3293 3288 3284 3280 3276
3514 3518 3523 3528 3535 3545 3557 3568 3579 3590 3600 3609 3618 3624 3628 3632 3636 3642 3648 3656 3664 3664 3662 3661 3661 3663 3659 3652 3644 3635 3625 3614 3604 3594 3583 3572 3561 3549 3537 3527 3517 3505 3492 3479 3466 3455 3451 3448 3446 3445 3444 3443 3443 3442 3440 3436 3430 3425 3422 3420 3417 3410 3402 3392 3380 3370 3364 3360 3356 3352 3347 3343 3339 3335 3330 3323 3316 3309 3301 3295 3290 3286 3282 3278
3522 3522 3523 3526 3531 3539 3551 3561 3571 3582 3593 3604 3613 3620 3627 3632 3639 3646 3654 3661 3668 3670 3670 3669 3669 3669 3664 3657 3648 3638 3627 3617 3607 3598 3588 3578 3567 3557 3547 3537 3527 3517 3506 3494 3483 3472 3469 3469 3469 3469 3467 3466 3465 3465 3463 3458 3454 3450 3447 3442 3436 3425 3412 3399 3387 3377 3372 3368 3364 3360 3355 3350 3345 3339 3332 3325 3317 3308 3300 3292 3287 3283 3280 3276
3534 3531 3530 3531 3535 3541 3551 3560 3569 3579 3590 3601 3611 3621 3628 3635 3643 3652 3660 3667 3673 3675 3677 3677 3676 3673 3668 3661 3652 3642 3631 3622 3613 3603 3594 3584 3574 3565 3556 3547 3538 3529 3519 3509 3497 3486 3484 3486 3487 3489 3488 3487 3488 3488 3486 3483 3479 3475 3470 3463 3453 3438 3422 3407 3394 3384 3379 3374 3370 3365 3360 3354 3348 3341 3333 3325 3316 3307 3297 3289 3283 3279 3276 3273
3547 3545 3543 3543 3545 3551 3559 3566 3574 3582 3591 3602 3614 3624 3633 3640 3649 3657 3666 3672 3677 3681 3683 3683 3681 3677 3672 3665 3657 3647 3636 3628 3620 3610 3600 3591 3582 3573 3564 3556 3548 3539 3530 3520 3510 3499 3498 3499 3502 3505 3506 3507 3509 3511 3511 3508 3504 3498 3490 3480 3468 3451 3433 3415 3401 3390 3384 3379 3374 3369 3364 3357 3350 3342 3333 3324 3315 3305 3295 3287 3280 3275 3272 3268
3562 3560 3559 3559 3561 3564 3571 3578 3584 3590 3596 3607 3618 3629 3639 3646 3655 3663 3671 3677 3683 3686 3688 3688 3686 3681 3676 3670 3662 3653 3643 3636 3627 3618 3608 3598 3589 3581 3573 3565 3557 3549 3540 3530 3519 3510 3508 3510 3513 3517 3521 3525 3530 3533 3533 3532 3526 3518 3507 3495 3481 3462 3443 3424 3407 3394 3388 3382 3377 3372 3366 3359 3351 3342 3332 3323 3313 3303 3293 3285 3277 3272 3267 3262
3577 3576 3576 3577 3578 3580 3587 3593 3599 3602 3605 3613 3624 3635 3645 3654 3662 3669 3676 3682 3688 3692 3694 3694 3691 3686 3681 3675 3668 3659 3650 3643 3635 3626 3616 3606 3598 3590 3582 3574 3566 3557 3548 3537 3527 3519 3518 3519 3522 3527 3533 3541 3548 3553 3554 3552 3544 3534 3522 3508 3492 3472 3452 3432 3413 3397 3391 3385 3379 3374 3368 3361 3352 3342 3331 3321 3312 3302 3292 3283 3276 3269 3263 3258
3590 3590 3591 3592 3592 3593 3600 3608 3615 3618 3618 3624 3633 3643 3653 3662 3669 3675 3682 3688 3696 3701 3704 3703 3699 3692 3686 3680 3674 3666 3657 3650 3642 3633 3625 3616 3608 3600 3591 3582 3571 3562 3554 3545 3536 3529 3528 3529 3532 3538 3545 3556 3565 3570 3571 3567 3558 3547 3533 3517 3498 3478 3458 3437 3417 3401 3393 3387 3381 3375 3370 3362 3353 3342 3331 3321 3311 3301 3291 3282 3275 3268 3262 3256
3602 3603 3605 3605 3604 3603 3610 3619 3626 3630 3631 3635 3642 3651 3661 3670 3676 3681 3688 3695 3703 3709 3712 3712 3707 3699 3693 3686 3679 3672 3665 3657 3648 3640 3632 3624 3616 3607 3598 3588 3576 3568 3561 3554 3546 3540 3538 3539 3542 3548 3556 3567 3577 3583 3584 3580 3570 3558 3542 3523 3502 3483 3462 3441 3422 3405 3396 3389 3382 3376 3371 3363 3354 3344 3333 3322 3312 3301 3292 3283 3275 3268 3262 3257
3615 3618 3619 3617 3614 3612 3618 3627 3634 3639 3641 3645 3651 3659 3668 3676 3682 3688 3694 3702 3711 3716 3719 3719 3714 3707 3700 3693 3686 3679 3672 3664 3655 3647 3639 3631 3623 3613 3603 3593 3582 3575 3569 3563 3557 3550 3549 3549 3551 3556 3564 3575 3585 3591 3593 3590 3580 3567 3549 3528 3505 3486 3466 3446 3426 3409 3399 3391 3384 3377 3371 3364 3356 3346 3336 3324 3314 3303 3293 3284 3277 3270 3265 3260
3629 3633 3633 3630 3625 3622 3627 3634 3640 3646 3650 3654 3660 3667 3675 3682 3688 3694 3701 3709 3717 3722 3725 3725 3722 3715 3708 3701 3694 3686 3679 3671 3662 3653 3644 3637 3629 3619 3609 3598 3588 3583 3579 3574 3568 3561 3558 3557 3559 3563 3571 3581 3591 3597 3600 3599 3589 3575 3556 3533 3509 3490 3471 3451 3432 3414 3403 3393 3385 3378 3372 3365 3358 3349 3339 3327 3317 3306 3296 3287 3279 3273 3268 3264
3644 3647 3646 3643 3639 3636 3639 3643 3648 3653 3659 3663 3669 3675 3683 3690 3696 3701 3707 3714 3721 3726 3730 3731 3729 3723 3717 3710 3702 3693 3685 3677 3668 3658 3650 3642 3634 3625 3615 3605 3595 3592 3589 3585 3579 3572 3568 3566 3566 3570 3576 3586 3596 3604 3608 3609 3599 3583 3562 3539 3515 3497 3478 3459 3439 3419 3407 3396 3387 3379 3373 3366 3360 3352 3343 3331 3321 3310 3299 3290 3282 3277 3272 3268
3657 3662 3662 3660 3657 3655 3657 3660 3663 3666 3669 3673 3678 3685 3693 3702 3707 3711 3715 3720 3725 3731 3735 3737 3736 3732 3725 3717 3709 3699 3688 3679 3670 3662 3653 3646 3640 3632 3623 3613 3603 3599 3596 3592 3587 3582 3578 3576 3575 3577 3581 3590 3599 3608 3616 3619 3609 3593 3572 3548 3524 3505 3487 3468 3447 3425 3411 3399 3390 3382 3376 3370 3363 3355 3346 3334 3324 3314 3304 3295 3287 3282 3277 3273
3669 3674 3677 3677 3676 3676 3677 3678 3680 3681 3682 3685 3690 3697 3705 3714 3718 3721 3724 3727 3732 3738 3742 3745 3744 3741 3733 3725 3716 3705 3693 3683 3673 3665 3657 3650 3644 3638 3630 3620 3610 3606 3602 3599 3595 3592 3588 3585 3584 3584 3586 3594 3603 3612 3620 3626 3618 3603 3582 3558 3534 3514 3496 3476 3454 3432 3417 3405 3395 3387 3380 3373 3366 3358 3349 3339 3328 3319 3309 3300 3293 3287 3283 3279
3678 3686 3691 3694 3696 3697 3697 3697 3697 3696 3696 3699 3703 3710 3718 3725 3729 3732 3734 3737 3741 3746 3750 3753 3753 3751 3743 3733 3723 3711 3697 3686 3677 3668 3660 3653 3647 3641 3634 3625 3617 3612 3609 3606 3603 3600 3597 3594 3592 3592 3593 3599 3606 3615 3623 3630 3624 3612 3593 3570 3545 3524 3505 3484 3463 3442 3426 3413 3402 3393 3385 3377 3369 3361 3352 3343 3333 3324 3315 3307 3299 3294 3289 3285
3686 3695 3704 3711 3715 3717 3716 3714 3712 3711 3710 3713 3718 3725 3731 3738 3741 3744 3746 3748 3751 3755 3759 3762 3763 3761 3753 3743 3730 3717 3702 3690 3679 3670 3662 3654 3648 3642 3635 3629 3623 3619 3617 3614 3611 3607 3604 3602 3600 3600 3600 3604 3611 3618 3626 3631 3628 3620 3604 3582 3557 3535 3515 3494 3473 3453 3437 3423 3411 3401 3391 3382 3373 3364 3356 3349 3339 3330 3321 3314 3307 3302 3297 3292
3693 3704 3716 3726 3733 3736 3733 3730 3726 3724 3724 3728 3733 3739 3745 3751 3754 3756 3758 3759 3761 3765 3769 3772 3773 3772 3764 3753 3739 3723 3707 3693 3682 3671 3662 3654 3648 3642 3636 3632 3628 3626 3624 3621 3618 3614 3612 3609 3608 3607 3607 3610 3615 3621 3628 3633 3632 3626 3614 3594 3569 3546 3525 3505 3485 3465 3450 3435 3422 3409 3397 3388 3378 3369 3361 3354 3346 3337 3328 3321 3315 3310 3305 3299
3705 3714 3725 3736 3744 3750 3747 3744 3742 3740 3739 3743 3747 3753 3759 3764 3766 3767 3768 3770 3772 3776 3780 3784 3785 3784 3776 3764 3748 3729 3710 3696 3684 3673 3664 3655 3649 3643 3639 3636 3634 3633 3631 3628 3625 3621 3618 3616 3615 3614 3614 3617 3620 3625 3630 3634 3634 3631 3621 3603 3579 3555 3534 3514 3495 3477 3462 3447 3433 3418 3405 3394 3384 3375 3367 3360 3353 3345 3338 3330 3323 3318 3313 3308
3715 3723 3732 3743 3753 3760 3759 3757 3756 3755 3754 3757 3761 3766 3772 3777 3778 3778 3778 3779 3782 3786 3790 3793 3794 3792 3783 3770 3753 3733 3713 3699 3687 3677 3667 3659 3653 3648 3644 3642 3641 3639 3638 3635 3632 3628 3625 3623 3621 3621 3621 3623 3626 3629 3632 3636 3637 3635 3627 3611 3589 3566 3544 3524 3505 3488 3473 3459 3444 3429 3415 3403 3392 3382 3373 3366 3360 3354 3347 3340 3332 3326 3321 3315
3724 3731 3740 3749 3759 3768 3770 3770 3769 3768 3769 3771 3775 3780 3785 3788 3789 3788 3787 3788 3791 3795 3798 3800 3800 3797 3787 3773 3756 3736 3717 3703 3690 3680 3671 3664 3660 3656 3652 3650 3649 3646 3644 3641 3638 3634 3631 3629 3628 3627 3628 3629 3631 3634 3636 3639 3640 3638 3631 3618 3599 3576 3555 3534 3516 3498 3484 3470 3456 3441 3427 3413 3401 3389 3380 3373 3368 3362 3356 3349 3342 3335 3329 3322
3732 3739 3747 3756 3765 3775 3780 3781 3782 3782 3783 3786 3789 3793 3797 3799 3799 3797 3796 3797 3799 3803 3805 3805 3803 3798 3788 3774 3757 3739 3720 3706 3693 3683 3676 3671 3668 3665 3662 3659 3656 3653 3649 3646 3643 3640 3637 3635 3634 3633 3634 3635 3637 3639 3640 3642 3642 3640 3634 3624 3607 3586 3566 3545 3526 3509 3494 3481 3467 3453 3439 3424 3410 3397 3388 3380 3375 3369 3363 3357 3351 3344 3337 3330
3740 3748 3754 3762 3772 3784 3790 3794 3795 3797 3798 3800 3802 3805 3807 3809 3808 3807 3806 3806 3808 3810 3811 3809 3805 3799 3788 3774 3758 3740 3722 3708 3696 3687 3681 3680 3678 3675 3672 3668 3663 3659 3655 3652 3648 3645 3642 3641 3639 3639 3639 3641 3642 3643 3644 3645 3645 3643 3638 3628 3614 3595 3576 3556 3536 3519 3504 3490 3477 3465 3451 3436 3419 3405 3394 3387 3380 3374 3369 3363 3358 3352 3346 3339
3749 3757 3763 3771 3781 3793 3800 3806 3809 3811 3813 3814 3816 3817 3818 3819 3818 3817 3816 3816 3817 3817 3815 3811 3805 3797 3785 3771 3756 3740 3722 3710 3700 3693 3690 3690 3688 3684 3679 3674 3669 3664 3660 3656 3652 3649 3647 3645 3644 3644 3644 3645 3646 3647 3648 3649 3648 3646 3641 3633 3620 3603 3584 3564 3545 3527 3513 3499 3486 3474 3462 3445 3429 3413 3400 3390 3382 3375 3369 3364 3359 3355 3351 3347
3759 3767 3773 3781 3790 3801 3810 3817 3822 3825 3827 3828 3828 3829 3829 3829 3829 3828 3827 3826 3826 3823 3819 3813 3805 3796 3782 3768 3754 3738 3723 3713 3706 3702 3700 3701 3697 3692 3685 3679 3673 3668 3664 3660 3656 3653 3651 3650 3649 3648 3648 3649 3650 3651 3652 3652 3651 3648 3644 3636 3626 3609 3590 3571 3552 3534 3520 3507 3494 3482 3470 3454 3437 3421 3406 3393 3384 3376 3370 3365 3360 3357 3354 3350
3770 3777 3784 3790 3799 3809 3819 3827 3833 3837 3839 3840 3840 3840 3840 3839 3839 3838 3837 3835 3833 3828 3822 3814 3805 3794 3780 3766 3752 3737 3724 3718 3714 3712 3711 3710 3705 3699 3692 3684 3677 3672 3668 3664 3660 3657 3655 3654 3653 3653 3652 3653 3653 3654 3655 3655 3653 3651 3646 3638 3628 3611 3593 3575 3557 3540 3525 3513 3501 3489 3476 3461 3445 3428 3411 3396 3387 3379 3373 3367 3362 3358 3353 3349
3780 3788 3794 3800 3807 3816 3827 3836 3843 3847 3850 3851 3852 3851 3850 3849 3848 3847 3845 3843 3839 3832 3824 3815 3805 3793 3778 3763 3750 3737 3726 3723 3721 3721 3719 3717 3712 3705 3698 3689 3682 3676 3671 3667 3663 3661 3659 3658 3657 3657 3657 3657 3657 3658 3658 3658 3656 3653 3647 3639 3628 3612 3594 3577 3560 3543 3530 3518 3507 3495 3481 3466 3449 3432 3415 3399 3391 3383 3377 3371 3365 3358 3352 3346
3791 3798 3803 3808 3815 3823 3834 3844 3852 3858 3861 3863 3863 3863 3861 3859 3857 3855 3853 3849 3843 3835 3826 3815 3804 3792 3777 3763 3749 3738 3730 3729 3728 3727 3726 3723 3718 3711 3703 3695 3686 3680 3675 3670 3667 3664 3663 3662 3661 3661 3661 3661 3661 3661 3662 3661 3659 3654 3648 3638 3626 3610 3593 3577 3562 3547 3535 3524 3512 3499 3483 3467 3451 3434 3418 3403 3395 3388 3381 3374 3367 3360 3352 3345
3801 3809 3816 3822 3827 3833 3844 3853 3861 3867 3871 3872 3872 3871 3870 3868 3865 3862 3859 3853 3846 3836 3825 3814 3802 3789 3776 3765 3755 3748 3744 3742 3741 3739 3735 3730 3724 3717 3709 3700 3691 3684 3678 3674 3670 3668 3667 3666 3665 3665 3664 3665 3665 3665 3665 3664 3661 3657 3650 3640 3627 3611 3596 3581 3567 3555 3544 3532 3518 3503 3486 3469 3453 3438 3423 3409 3401 3394 3387 3380 3373 3365 3357 3351
3810 3820 3828 3835 3840 3845 3854 3863 3871 3876 3880 3881 3880 3879 3878 3875 3872 3869 3864 3857 3848 3837 3824 3812 3800 3789 3778 3770 3765 3761 3759 3758 3756 3752 3747 3739 3731 3723 3715 3706 3696 3689 3683 3678 3674 3673 3672 3671 3670 3669 3669 3669 3669 3669 3669 3668 3665 3661 3654 3645 3632 3617 3603 3590 3577 3565 3554 3541 3526 3509 3490 3472 3457 3442 3429 3416 3408 3401 3394 3387 3379 3370 3362 3356
3818 3829 3839 3846 3853 3858 3866 3873 3880 3885 3889 3889 3889 3888 3885 3882 3879 3874 3868 3860 3849 3837 3823 3811 3800 3791 3784 3780 3778 3777 3776 3774 3771 3766 3758 3749 3739 3729 3721 3712 3703 3695 3688 3683 3680 3679 3678 3677 3675 3674 3673 3673 3673 3674 3674 3673 3670 3665 3659 3651 3640 3627 3614 3601 3588 3576 3564 3550 3534 3516 3495 3478 3462 3447 3435 3424 3416 3408 3400 3393 3384 3375 3367 3360
3825 3837 3848 3857 3864 3870 3877 3884 3889 3894 3898 3899 3898 3896 3893 3889 3884 3879 3872 3863 3851 3837 3823 3811 3803 3797 3794 3793 3794 3795 3794 3790 3785 3777 3769 3758 3747 3737 3727 3719 3711 3703 3695 3690 3687 3687 3686 3684 3682 3680 3679 3678 3679 3679 3679 3679 3675 3671 3665 3658 3649 3637 3626 3614 3601 3588 3574 3559 3543 3524 3502 3485 3468 3454 3442 3432 3423 3415 3406 3398 3389 3380 3371 3363
3831 3844 3857 3867 3875 3881 3888 3894 3899 3903 3907 3908 3907 3905 3901 3896 3890 3883 3875 3865 3852 3838 3824 3814 3809 3807 3807 3809 3812 3813 3812 3806 3798 3789 3779 3768 3756 3744 3734 3726 3720 3711 3704 3699 3696 3696 3694 3692 3689 3687 3686 3685 3685 3685 3685 3684 3681 3677 3671 3666 3659 3648 3638 3627 3613 3598 3583 3567 3551 3531 3510 3491 3474 3460 3448 3439 3430 3420 3411 3402 3393 3384 3374 3366
