data/dem/DEM_30_0000672000_0009672000.asc
ncols 800
nrows 800
xllcenter 672015.000000
yllcenter -327985.000000
cellsize 30.000000
nodata_value -9999
[rows 342 to 379 of 800, columns 504 to 587 of 800]
4250 4247 4244 4241 4237 4232 4227 4222 4216 4209 4202 4196 4191 4186 4185 4184 4186 4189 4196 4204 4212 4219 4226 4233 4240 4249 4262 4277 4295 4314 4333 4347 4352 4347 4330 4309 4286 4264 4241 4223 4207 4191 4174 4156 4139 4121 4104 4087 4073 4061 4051 4044 4038 4034 4031 4028 4025 4022 4019 4017 4015 4014 4014 4016 4018 4020 4023 4026 4030 4033 4035 4038 4041 4045 4049 4052 4056 4059 4062 4065 4067 4069 4071 4073
4243 4239 4234 4229 4223 4217 4212 4208 4203 4196 4190 4184 4178 4174 4173 4173 4174 4179 4186 4196 4205 4213 4220 4226 4233 4242 4254 4271 4291 4310 4330 4346 4352 4347 4330 4309 4285 4263 4242 4224 4209 4194 4178 4161 4144 4127 4110 4092 4076 4063 4053 4045 4039 4034 4031 4028 4025 4023 4020 4018 4017 4016 4017 4018 4020 4023 4025 4029 4032 4035 4038 4041 4044 4048 4051 4055 4058 4062 4065 4068 4070 4071 4073 4075
4235 4229 4223 4217 4210 4204 4200 4195 4190 4184 4178 4172 4167 4164 4163 4164 4166 4171 4179 4190 4199 4207 4215 4221 4228 4237 4250 4268 4288 4308 4328 4344 4350 4344 4327 4306 4284 4262 4243 4226 4211 4197 4182 4166 4150 4133 4116 4098 4080 4066 4055 4046 4040 4035 4031 4028 4026 4023 4021 4019 4018 4018 4018 4020 4022 4024 4027 4031 4034 4038 4041 4043 4047 4050 4053 4056 4060 4063 4067 4070 4072 4073 4075 4076
4225 4218 4211 4204 4198 4192 4187 4183 4178 4172 4167 4162 4158 4155 4155 4156 4159 4165 4173 4184 4194 4202 4210 4218 4225 4235 4248 4267 4287 4307 4326 4341 4346 4339 4322 4302 4281 4262 4244 4228 4213 4199 4185 4170 4155 4138 4121 4103 4085 4070 4057 4047 4041 4036 4032 4029 4027 4024 4022 4021 4019 4019 4020 4021 4023 4026 4029 4032 4036 4039 4042 4045 4048 4051 4054 4057 4061 4064 4068 4071 4073 4074 4075 4076
4214 4206 4199 4192 4185 4180 4175 4170 4166 4161 4156 4153 4150 4147 4148 4149 4153 4159 4168 4179 4189 4198 4206 4215 4224 4234 4248 4266 4286 4305 4324 4337 4341 4333 4315 4297 4278 4260 4244 4229 4215 4201 4187 4173 4159 4143 4126 4109 4090 4074 4060 4049 4041 4036 4033 4030 4028 4026 4024 4022 4021 4021 4021 4023 4025 4027 4030 4033 4036 4040 4043 4046 4048 4051 4054 4057 4060 4064 4067 4070 4073 4074 4075 4075
4203 4194 4186 4178 4172 4167 4163 4159 4155 4151 4147 4144 4142 4141 4141 4143 4148 4155 4164 4174 4184 4194 4203 4213 4224 4235 4248 4265 4284 4303 4321 4333 4334 4324 4308 4290 4273 4257 4242 4228 4215 4201 4189 4176 4163 4148 4132 4114 4095 4078 4063 4051 4043 4037 4034 4031 4029 4027 4025 4024 4023 4022 4023 4024 4026 4028 4030 4033 4037 4040 4042 4045 4047 4050 4053 4056 4059 4062 4065 4069 4071 4073 4073 4073
4190 4180 4172 4166 4161 4156 4152 4149 4146 4142 4138 4136 4135 4134 4135 4137 4142 4149 4158 4169 4180 4190 4201 4212 4224 4235 4248 4263 4281 4299 4315 4325 4325 4315 4298 4281 4265 4250 4237 4225 4213 4202 4191 4180 4167 4153 4137 4120 4101 4083 4067 4054 4045 4039 4036 4033 4031 4029 4027 4026 4025 4025 4026 4027 4027 4029 4031 4033 4036 4039 4041 4043 4045 4047 4050 4053 4055 4058 4061 4063 4065 4066 4067 4067
4178 4168 4160 4155 4149 4145 4141 4138 4136 4131 4128 4127 4126 4126 4127 4130 4135 4142 4152 4163 4175 4186 4198 4210 4221 4233 4246 4260 4277 4294 4307 4315 4314 4305 4289 4272 4256 4242 4230 4220 4210 4201 4192 4182 4169 4155 4140 4124 4106 4087 4071 4058 4048 4041 4038 4035 4032 4030 4029 4028 4028 4028 4030 4030 4030 4030 4031 4033 4035 4038 4039 4041 4043 4045 4047 4049 4051 4053 4055 4057 4058 4059 4059 4060
4164 4155 4148 4143 4138 4134 4130 4127 4125 4121 4117 4116 4116 4116 4118 4122 4127 4135 4145 4157 4168 4180 4192 4204 4216 4228 4241 4256 4272 4288 4299 4305 4303 4295 4279 4263 4247 4233 4222 4214 4206 4198 4190 4181 4169 4156 4142 4127 4110 4091 4075 4062 4052 4045 4041 4037 4035 4032 4031 4031 4032 4033 4034 4034 4032 4031 4031 4033 4035 4037 4039 4040 4041 4042 4044 4046 4047 4049 4050 4050 4051 4051 4052 4053
4151 4143 4136 4131 4127 4123 4119 4116 4113 4108 4105 4103 4103 4105 4108 4113 4120 4128 4138 4150 4161 4173 4184 4196 4208 4220 4234 4249 4266 4280 4290 4294 4292 4283 4269 4253 4238 4225 4213 4206 4200 4194 4187 4177 4167 4155 4143 4129 4113 4095 4080 4067 4057 4049 4044 4040 4037 4035 4033 4034 4035 4037 4037 4037 4035 4033 4032 4032 4034 4037 4038 4039 4040 4041 4042 4043 4044 4045 4045 4045 4045 4046 4047 4048
4138 4131 4125 4121 4117 4113 4108 4104 4100 4095 4092 4090 4090 4092 4098 4105 4113 4122 4132 4143 4154 4164 4175 4186 4198 4211 4225 4240 4257 4270 4280 4283 4280 4272 4258 4243 4229 4216 4205 4199 4194 4188 4182 4173 4164 4154 4143 4130 4115 4099 4085 4074 4063 4053 4048 4043 4040 4037 4036 4037 4038 4039 4039 4039 4037 4035 4034 4033 4034 4036 4038 4039 4040 4040 4040 4041 4041 4041 4041 4041 4041 4042 4043 4044
4129 4123 4117 4111 4106 4101 4096 4091 4088 4084 4081 4079 4079 4081 4088 4096 4106 4116 4126 4135 4144 4154 4164 4175 4186 4199 4213 4229 4246 4258 4268 4272 4270 4262 4248 4233 4219 4207 4198 4192 4187 4182 4176 4169 4161 4152 4142 4131 4118 4104 4090 4078 4067 4058 4051 4046 4042 4039 4038 4038 4039 4039 4039 4039 4039 4037 4036 4035 4035 4037 4038 4039 4040 4040 4040 4040 4040 4040 4040 4040 4040 4041 4041 4042
4121 4116 4110 4103 4097 4091 4086 4081 4078 4074 4071 4069 4069 4071 4078 4088 4098 4109 4119 4127 4135 4143 4153 4164 4176 4189 4203 4219 4235 4247 4257 4262 4261 4253 4240 4225 4211 4201 4193 4186 4181 4176 4170 4164 4157 4150 4141 4132 4121 4108 4095 4082 4071 4062 4055 4049 4044 4041 4040 4039 4039 4039 4039 4039 4039 4039 4038 4037 4036 4037 4039 4039 4040 4040 4040 4040 4040 4040 4040 4040 4040 4040 4040 4040
4113 4109 4104 4097 4091 4085 4079 4074 4069 4065 4062 4061 4061 4063 4071 4081 4091 4102 4112 4119 4126 4135 4145 4155 4167 4181 4195 4210 4226 4238 4248 4253 4253 4247 4234 4220 4207 4197 4189 4182 4176 4170 4165 4160 4154 4147 4140 4132 4124 4111 4098 4085 4075 4068 4060 4054 4048 4044 4041 4040 4039 4039 4039 4039 4039 4039 4038 4038 4038 4038 4039 4039 4040 4040 4040 4040 4040 4040 4040 4040 4040 4040 4040 4040
4106 4103 4099 4094 4087 4081 4075 4068 4063 4058 4055 4055 4057 4060 4067 4076 4086 4096 4106 4113 4120 4128 4137 4148 4160 4174 4189 4204 4219 4232 4241 4245 4246 4241 4230 4217 4205 4194 4186 4178 4171 4166 4161 4156 4151 4145 4139 4132 4125 4113 4100 4089 4079 4073 4066 4059 4052 4047 4043 4041 4040 4039 4039 4039 4038 4038 4038 4038 4039 4039 4039 4040 4040 4039 4040 4040 4040 4040 4040 4040 4040 4040 4040 4040
4099 4097 4095 4091 4085 4079 4072 4065 4058 4054 4052 4053 4056 4059 4065 4073 4083 4092 4101 4108 4115 4123 4131 4142 4154 4168 4183 4199 4214 4226 4234 4239 4239 4236 4226 4215 4203 4193 4183 4175 4168 4162 4157 4152 4147 4143 4137 4132 4125 4115 4103 4093 4084 4078 4071 4064 4057 4051 4046 4043 4040 4039 4038 4038 4037 4037 4037 4038 4039 4039 4039 4040 4039 4039 4039 4040 4040 4040 4040 4040 4040 4040 4040 4040
4093 4091 4090 4087 4083 4077 4071 4064 4058 4055 4053 4054 4057 4060 4066 4075 4085 4095 4104 4110 4116 4122 4130 4140 4152 4165 4180 4195 4210 4223 4232 4237 4238 4235 4226 4215 4203 4192 4182 4173 4166 4160 4155 4150 4146 4141 4137 4131 4126 4118 4108 4099 4091 4083 4076 4069 4062 4055 4050 4046 4043 4041 4039 4038 4036 4035 4034 4035 4037 4039 4039 4039 4039 4038 4038 4039 4039 4040 4040 4040 4041 4042 4041 4040
4086 4085 4084 4083 4079 4074 4069 4064 4059 4056 4056 4057 4059 4062 4069 4078 4088 4097 4107 4113 4119 4125 4132 4141 4152 4164 4177 4192 4206 4220 4230 4235 4237 4234 4226 4215 4203 4192 4182 4173 4165 4159 4154 4150 4146 4141 4137 4132 4127 4121 4113 4105 4097 4088 4081 4074 4067 4060 4054 4050 4046 4043 4040 4038 4036 4033 4032 4033 4035 4037 4038 4038 4038 4036 4038 4039 4039 4040 4040 4041 4043 4044 4044 4042
4081 4080 4080 4079 4076 4072 4067 4063 4059 4058 4058 4060 4062 4066 4073 4081 4090 4099 4108 4115 4122 4128 4136 4144 4153 4164 4176 4190 4204 4218 4229 4235 4235 4233 4225 4215 4204 4194 4184 4175 4167 4160 4155 4151 4147 4142 4138 4134 4129 4124 4118 4111 4103 4094 4086 4079 4072 4065 4059 4054 4050 4046 4042 4039 4036 4033 4031 4030 4032 4034 4036 4037 4037 4036 4037 4039 4039 4040 4041 4043 4045 4047 4047 4046
4076 4076 4075 4075 4072 4069 4066 4063 4060 4059 4060 4062 4065 4069 4075 4083 4091 4099 4107 4115 4123 4132 4140 4148 4156 4165 4176 4189 4203 4218 4228 4234 4234 4231 4224 4215 4205 4196 4187 4178 4170 4163 4158 4153 4149 4144 4140 4136 4132 4127 4122 4115 4108 4099 4091 4084 4077 4071 4065 4059 4054 4049 4044 4040 4037 4033 4031 4029 4029 4031 4034 4036 4036 4035 4037 4039 4040 4040 4041 4044 4047 4050 4052 4053
4071 4071 4071 4071 4069 4067 4065 4063 4061 4060 4062 4064 4067 4071 4077 4084 4091 4098 4105 4113 4122 4133 4143 4151 4158 4166 4176 4189 4203 4217 4228 4233 4234 4230 4223 4214 4205 4197 4188 4180 4172 4166 4160 4156 4151 4146 4142 4139 4135 4131 4125 4119 4112 4104 4096 4089 4082 4077 4071 4064 4058 4053 4047 4042 4037 4034 4030 4028 4026 4028 4031 4033 4035 4036 4038 4039 4040 4040 4042 4045 4049 4053 4057 4060
4067 4067 4068 4068 4067 4066 4064 4063 4061 4062 4064 4066 4069 4073 4079 4084 4090 4095 4098 4106 4115 4126 4137 4146 4153 4161 4172 4185 4200 4214 4225 4231 4233 4231 4223 4214 4204 4195 4188 4180 4174 4167 4162 4158 4153 4149 4146 4142 4139 4134 4129 4123 4116 4109 4102 4094 4088 4082 4076 4069 4062 4056 4050 4044 4039 4035 4031 4027 4025 4026 4028 4030 4033 4035 4037 4038 4039 4040 4040 4043 4047 4053 4059 4066
4063 4063 4064 4064 4064 4064 4063 4063 4063 4064 4066 4068 4071 4075 4080 4085 4089 4091 4092 4099 4109 4119 4129 4138 4146 4155 4166 4180 4196 4211 4222 4229 4233 4234 4225 4215 4205 4197 4189 4182 4176 4170 4165 4160 4156 4153 4150 4147 4143 4138 4133 4127 4121 4114 4107 4101 4094 4087 4081 4074 4066 4059 4053 4046 4041 4035 4031 4027 4024 4024 4025 4027 4030 4033 4035 4037 4037 4038 4038 4041 4046 4052 4060 4069
4059 4060 4060 4061 4061 4062 4062 4063 4064 4066 4068 4070 4073 4076 4081 4085 4088 4089 4089 4094 4103 4113 4122 4130 4140 4150 4161 4175 4193 4209 4221 4229 4234 4236 4229 4220 4210 4202 4196 4188 4181 4174 4169 4164 4161 4158 4155 4151 4147 4142 4137 4131 4125 4119 4113 4107 4101 4093 4086 4078 4071 4063 4056 4049 4042 4036 4031 4026 4023 4022 4022 4023 4026 4030 4032 4033 4034 4034 4034 4038 4044 4052 4062 4072
4055 4056 4057 4058 4058 4059 4061 4062 4064 4067 4069 4072 4075 4078 4082 4086 4088 4088 4087 4092 4100 4109 4117 4125 4135 4146 4158 4173 4191 4208 4221 4230 4236 4239 4234 4226 4218 4212 4206 4198 4190 4182 4175 4170 4166 4163 4160 4156 4151 4146 4141 4136 4130 4125 4119 4114 4107 4100 4091 4083 4076 4068 4059 4050 4043 4036 4030 4025 4021 4019 4019 4019 4021 4024 4026 4027 4028 4028 4030 4035 4043 4052 4064 4076
4051 4052 4053 4054 4056 4057 4059 4062 4065 4068 4071 4074 4077 4080 4084 4087 4089 4089 4089 4092 4098 4106 4113 4121 4133 4145 4157 4172 4189 4206 4219 4229 4237 4242 4239 4234 4229 4225 4221 4211 4202 4192 4184 4177 4173 4169 4164 4159 4154 4150 4145 4141 4136 4130 4125 4119 4113 4106 4097 4089 4081 4072 4063 4053 4044 4036 4030 4024 4020 4017 4015 4014 4014 4016 4018 4019 4020 4022 4026 4033 4042 4053 4066 4079
4046 4048 4050 4051 4053 4055 4058 4061 4064 4067 4071 4075 4078 4082 4085 4088 4090 4091 4092 4095 4100 4106 4113 4121 4132 4144 4158 4172 4188 4204 4219 4230 4238 4245 4245 4244 4243 4243 4241 4229 4216 4204 4194 4186 4179 4173 4167 4161 4156 4153 4150 4146 4141 4135 4130 4123 4117 4111 4104 4095 4086 4077 4067 4056 4046 4037 4030 4024 4018 4014 4011 4008 4008 4008 4009 4010 4012 4017 4024 4033 4043 4055 4068 4082
4040 4043 4045 4047 4050 4053 4056 4060 4063 4067 4071 4074 4078 4082 4085 4088 4090 4092 4094 4098 4102 4107 4113 4121 4132 4144 4158 4172 4187 4202 4216 4228 4236 4244 4248 4252 4255 4257 4256 4243 4229 4216 4203 4193 4185 4178 4170 4164 4159 4157 4154 4150 4145 4140 4134 4128 4121 4116 4109 4100 4091 4081 4071 4060 4049 4039 4031 4024 4018 4012 4008 4004 4002 4001 4001 4002 4005 4011 4021 4032 4044 4057 4071 4085
4032 4036 4039 4042 4046 4050 4054 4058 4062 4066 4070 4073 4077 4081 4084 4087 4090 4093 4096 4100 4104 4109 4115 4122 4133 4145 4158 4172 4185 4198 4211 4222 4231 4239 4247 4254 4260 4264 4263 4252 4238 4224 4211 4199 4190 4182 4174 4168 4164 4161 4158 4154 4149 4144 4138 4132 4126 4120 4114 4105 4095 4085 4074 4063 4052 4042 4033 4025 4017 4011 4006 4001 3998 3995 3994 3995 3998 4005 4016 4030 4043 4058 4073 4087
4024 4028 4031 4035 4041 4047 4052 4057 4061 4064 4068 4072 4075 4079 4082 4085 4089 4093 4097 4101 4106 4111 4117 4124 4135 4147 4159 4171 4183 4194 4204 4214 4223 4231 4241 4251 4259 4264 4264 4254 4243 4230 4216 4203 4195 4186 4179 4173 4169 4165 4161 4157 4153 4148 4143 4137 4131 4125 4118 4109 4099 4088 4078 4067 4054 4044 4034 4025 4017 4010 4004 3999 3994 3990 3988 3988 3992 3999 4010 4025 4040 4056 4073 4089
4015 4019 4023 4028 4036 4044 4050 4055 4059 4063 4066 4070 4073 4076 4080 4083 4087 4092 4097 4102 4108 4114 4120 4128 4138 4149 4160 4170 4180 4189 4197 4205 4212 4220 4230 4241 4251 4257 4259 4252 4243 4232 4220 4208 4199 4192 4185 4179 4174 4169 4164 4160 4156 4152 4147 4143 4137 4130 4122 4113 4103 4092 4081 4070 4057 4045 4034 4025 4016 4008 4002 3996 3990 3985 3982 3981 3984 3992 4003 4018 4034 4051 4070 4088
4012 4017 4022 4025 4034 4042 4049 4054 4058 4061 4065 4068 4071 4075 4078 4081 4086 4091 4097 4103 4110 4117 4124 4132 4142 4151 4160 4169 4178 4185 4191 4197 4203 4209 4219 4229 4239 4247 4251 4248 4243 4234 4224 4213 4205 4198 4192 4187 4182 4177 4172 4166 4162 4157 4154 4150 4144 4136 4127 4117 4106 4096 4084 4073 4060 4048 4036 4025 4014 4006 3999 3992 3986 3981 3977 3975 3977 3984 3995 4008 4024 4042 4062 4082
4013 4019 4023 4025 4033 4041 4048 4054 4057 4061 4064 4067 4071 4074 4078 4082 4086 4091 4098 4105 4112 4119 4127 4136 4145 4153 4161 4168 4175 4180 4184 4189 4194 4200 4208 4218 4229 4238 4244 4244 4241 4236 4228 4219 4211 4205 4200 4195 4191 4187 4181 4176 4170 4165 4162 4158 4152 4143 4132 4121 4110 4099 4087 4075 4063 4050 4038 4025 4012 4004 3996 3989 3983 3977 3973 3970 3971 3977 3986 3999 4015 4034 4054 4075
4017 4024 4026 4025 4033 4041 4049 4055 4058 4061 4065 4068 4072 4076 4080 4085 4089 4095 4102 4108 4115 4122 4130 4139 4148 4155 4161 4166 4171 4174 4178 4182 4186 4192 4200 4209 4219 4229 4237 4240 4239 4237 4232 4226 4219 4213 4209 4205 4201 4197 4193 4187 4181 4176 4172 4167 4160 4151 4139 4127 4114 4102 4089 4077 4065 4052 4039 4025 4012 4003 3995 3988 3981 3975 3971 3968 3968 3971 3978 3991 4008 4027 4047 4069
4023 4027 4028 4027 4035 4043 4051 4057 4060 4063 4066 4070 4074 4078 4084 4090 4096 4101 4107 4112 4118 4125 4133 4143 4151 4157 4161 4165 4167 4169 4172 4175 4180 4185 4193 4201 4211 4221 4230 4235 4237 4237 4236 4233 4228 4223 4218 4215 4212 4208 4204 4200 4194 4189 4184 4177 4169 4160 4147 4133 4119 4105 4091 4079 4066 4053 4039 4025 4012 4002 3994 3987 3980 3974 3969 3967 3966 3967 3971 3985 4001 4020 4041 4063
4027 4029 4029 4030 4039 4047 4055 4060 4063 4066 4069 4072 4077 4082 4089 4097 4104 4110 4114 4118 4123 4129 4138 4148 4156 4161 4163 4164 4165 4165 4167 4169 4174 4179 4187 4195 4204 4214 4223 4230 4234 4238 4240 4240 4236 4232 4229 4226 4223 4220 4216 4212 4207 4201 4195 4188 4180 4170 4157 4139 4123 4107 4093 4079 4066 4052 4039 4026 4013 4003 3994 3986 3979 3973 3968 3965 3963 3963 3966 3979 3995 4013 4034 4056
4025 4024 4028 4035 4045 4053 4060 4065 4068 4070 4073 4077 4082 4088 4097 4105 4112 4117 4121 4125 4130 4136 4145 4155 4165 4172 4175 4175 4172 4169 4167 4167 4170 4174 4182 4190 4199 4207 4216 4224 4231 4237 4242 4246 4245 4242 4240 4237 4234 4231 4228 4224 4220 4214 4206 4199 4190 4179 4165 4145 4126 4109 4094 4079 4065 4052 4040 4027 4014 4004 3994 3986 3978 3972 3966 3962 3959 3958 3961 3973 3988 4005 4024 4045
4024 4024 4030 4042 4052 4060 4067 4071 4074 4077 4080 4084 4089 4096 4105 4113 4119 4124 4127 4131 4136 4142 4151 4161 4172 4180 4185 4184 4180 4174 4169 4166 4167 4170 4176 4184 4192 4200 4208 4217 4227 4236 4244 4250 4252 4253 4252 4249 4246 4243 4240 4237 4232 4226 4217 4209 4199 4187 4171 4150 4130 4111 4093 4077 4064 4051 4039 4027 4014 4003 3993 3984 3976 3969 3963 3958 3955 3954 3956 3967 3980 3995 4013 4032
