data/dem/DEM_30_0000768000_0009816000.asc
ncols 800
nrows 800
xllcenter 768015.000000
yllcenter -183985.000000
cellsize 30.000000
nodata_value -9999
[rows 418 to 455 of 800, columns 84 to 167 of 800]
3255 3257 3257 3256 3253 3250 3247 3244 3242 3245 3251 3261 3273 3284 3291 3297 3302 3305 3307 3307 3306 3304 3301 3298 3296 3294 3294 3295 3297 3298 3299 3299 3299 3298 3295 3293 3289 3286 3284 3283 3282 3283 3285 3288 3289 3290 3289 3288 3287 3283 3279 3271 3259 3244 3226 3207 3187 3166 3144 3122 3098 3073 3049 3026 3005 2985 2967 2951 2936 2919 2902 2885 2870 2856 2843 2829 2815 2801 2786 2771 2757 2743 2729 2715
3252 3254 3254 3253 3250 3247 3245 3242 3241 3245 3251 3260 3271 3281 3287 3293 3297 3300 3302 3302 3302 3300 3298 3295 3292 3290 3289 3289 3291 3292 3294 3294 3294 3294 3292 3289 3287 3284 3281 3280 3280 3280 3282 3285 3286 3287 3286 3286 3284 3282 3278 3272 3262 3249 3233 3215 3196 3176 3156 3134 3110 3085 3061 3038 3017 2997 2978 2961 2944 2929 2912 2896 2882 2868 2854 2840 2826 2811 2795 2780 2766 2752 2737 2722
3249 3250 3250 3250 3247 3244 3242 3240 3240 3244 3250 3258 3268 3277 3283 3288 3292 3295 3297 3298 3297 3296 3294 3291 3288 3286 3284 3284 3286 3287 3288 3289 3289 3289 3288 3286 3283 3281 3278 3277 3277 3278 3279 3281 3283 3283 3283 3282 3281 3279 3276 3271 3263 3252 3238 3222 3204 3186 3167 3146 3122 3098 3074 3051 3030 3009 2990 2972 2954 2939 2923 2908 2894 2879 2865 2850 2836 2820 2804 2789 2775 2761 2746 2730
3245 3246 3247 3246 3244 3241 3239 3237 3237 3242 3248 3256 3264 3272 3278 3283 3287 3290 3292 3293 3293 3292 3290 3288 3285 3282 3281 3280 3280 3282 3283 3284 3284 3284 3283 3282 3280 3278 3276 3274 3274 3275 3276 3278 3279 3280 3279 3279 3278 3276 3273 3269 3263 3254 3242 3228 3212 3196 3179 3157 3134 3110 3086 3063 3042 3022 3003 2983 2965 2950 2935 2921 2906 2891 2876 2860 2845 2829 2813 2799 2784 2769 2754 2738
3241 3242 3243 3243 3241 3238 3236 3234 3234 3239 3246 3253 3260 3268 3273 3278 3282 3285 3287 3288 3288 3287 3286 3284 3281 3279 3277 3276 3276 3277 3278 3279 3279 3279 3279 3278 3277 3275 3273 3272 3272 3272 3273 3275 3276 3276 3276 3275 3274 3272 3270 3266 3261 3254 3245 3233 3221 3206 3189 3168 3145 3121 3097 3075 3054 3034 3015 2995 2977 2961 2947 2933 2918 2902 2887 2871 2854 2838 2823 2809 2794 2778 2763 2746
3238 3239 3240 3240 3238 3235 3231 3229 3228 3234 3240 3248 3255 3262 3268 3273 3277 3280 3282 3283 3283 3283 3282 3280 3278 3275 3273 3271 3271 3272 3273 3273 3274 3274 3274 3274 3273 3272 3270 3269 3269 3269 3270 3272 3272 3272 3272 3272 3271 3269 3267 3264 3260 3255 3247 3239 3228 3216 3200 3179 3156 3132 3110 3090 3069 3048 3028 3009 2990 2974 2959 2944 2929 2914 2899 2883 2866 2849 2833 2819 2804 2789 2772 2755
3234 3236 3237 3237 3235 3232 3227 3223 3222 3228 3235 3242 3250 3257 3263 3268 3272 3275 3277 3278 3279 3279 3278 3277 3274 3272 3269 3267 3266 3267 3267 3268 3268 3269 3269 3269 3269 3268 3267 3266 3266 3267 3267 3268 3268 3269 3269 3268 3268 3266 3264 3262 3259 3255 3249 3242 3234 3223 3209 3189 3167 3145 3125 3106 3085 3064 3043 3023 3004 2987 2971 2956 2941 2925 2910 2894 2877 2860 2844 2830 2815 2799 2783 2765
3229 3231 3232 3233 3231 3227 3222 3218 3215 3222 3229 3237 3244 3251 3257 3262 3267 3270 3272 3273 3274 3274 3274 3273 3271 3268 3266 3263 3262 3262 3262 3262 3263 3263 3264 3264 3264 3264 3264 3263 3263 3264 3264 3264 3265 3265 3265 3265 3264 3263 3262 3260 3257 3254 3250 3244 3237 3228 3216 3197 3178 3158 3140 3123 3102 3081 3059 3039 3019 3001 2985 2969 2953 2937 2921 2905 2888 2872 2856 2842 2827 2810 2793 2775
3224 3225 3226 3227 3225 3222 3218 3213 3210 3216 3224 3232 3239 3245 3250 3255 3260 3264 3266 3267 3268 3269 3269 3269 3267 3265 3262 3260 3258 3257 3257 3257 3257 3258 3259 3259 3260 3260 3260 3260 3260 3261 3261 3261 3261 3261 3261 3261 3261 3260 3259 3257 3255 3253 3249 3245 3239 3231 3221 3205 3188 3171 3155 3139 3119 3098 3076 3055 3035 3016 2999 2982 2966 2949 2933 2917 2900 2884 2869 2855 2839 2822 2804 2785
3218 3219 3220 3221 3220 3218 3214 3210 3206 3211 3218 3225 3232 3237 3243 3248 3254 3257 3260 3261 3263 3264 3265 3265 3263 3261 3258 3256 3254 3253 3252 3252 3252 3253 3254 3254 3255 3256 3256 3257 3257 3257 3257 3257 3257 3257 3257 3258 3258 3257 3256 3255 3253 3252 3249 3245 3240 3233 3224 3211 3197 3183 3169 3155 3137 3116 3093 3072 3051 3032 3014 2996 2979 2962 2945 2929 2913 2897 2882 2867 2851 2834 2816 2796
3212 3213 3214 3216 3216 3214 3212 3208 3205 3208 3212 3216 3221 3227 3234 3240 3246 3250 3254 3256 3258 3260 3261 3262 3260 3258 3256 3253 3250 3248 3247 3247 3247 3248 3249 3250 3251 3252 3252 3253 3254 3254 3254 3254 3253 3253 3253 3253 3254 3253 3252 3251 3250 3249 3246 3243 3239 3233 3225 3215 3203 3192 3180 3168 3151 3131 3110 3090 3070 3050 3030 3011 2992 2974 2957 2941 2925 2909 2893 2878 2862 2845 2827 2807
3206 3208 3209 3211 3212 3212 3210 3207 3205 3205 3206 3208 3212 3218 3226 3232 3237 3242 3247 3250 3253 3256 3258 3259 3258 3256 3253 3250 3247 3245 3244 3243 3243 3244 3245 3246 3247 3248 3249 3250 3251 3251 3251 3250 3249 3249 3249 3249 3250 3250 3249 3248 3247 3245 3243 3241 3237 3232 3226 3217 3208 3199 3190 3179 3164 3145 3126 3108 3089 3067 3046 3025 3005 2985 2968 2952 2936 2919 2903 2887 2871 2854 2836 2816
3201 3203 3205 3208 3209 3210 3209 3207 3204 3203 3203 3204 3207 3212 3218 3223 3229 3234 3240 3244 3249 3252 3254 3256 3255 3254 3252 3250 3247 3244 3242 3241 3240 3241 3242 3243 3243 3244 3245 3247 3248 3248 3248 3247 3246 3245 3245 3246 3246 3246 3245 3244 3243 3242 3240 3238 3235 3231 3225 3219 3212 3205 3197 3189 3175 3159 3142 3124 3105 3082 3061 3039 3018 2997 2979 2962 2945 2928 2911 2894 2878 2860 2842 2823
3197 3199 3201 3205 3207 3209 3208 3206 3203 3202 3201 3202 3204 3207 3210 3214 3219 3225 3231 3238 3244 3248 3251 3253 3253 3252 3251 3249 3247 3244 3242 3240 3239 3238 3238 3239 3240 3241 3242 3244 3245 3246 3246 3244 3243 3242 3242 3242 3243 3243 3242 3241 3240 3238 3237 3235 3233 3229 3225 3220 3215 3209 3203 3196 3185 3171 3155 3138 3119 3097 3074 3052 3030 3009 2989 2971 2953 2935 2917 2899 2881 2864 2845 2826
3192 3195 3198 3202 3205 3207 3208 3206 3203 3201 3200 3201 3202 3203 3204 3206 3209 3215 3223 3232 3239 3244 3248 3250 3251 3251 3250 3249 3247 3244 3242 3240 3237 3236 3235 3235 3236 3237 3239 3240 3242 3243 3243 3242 3241 3239 3239 3239 3239 3239 3239 3238 3236 3235 3234 3232 3230 3227 3224 3220 3217 3212 3207 3202 3193 3181 3166 3149 3131 3109 3087 3065 3043 3020 2999 2979 2959 2941 2922 2902 2883 2865 2846 2827
3189 3192 3195 3199 3203 3205 3207 3206 3203 3201 3200 3200 3201 3201 3201 3202 3205 3209 3216 3226 3235 3241 3245 3247 3248 3248 3248 3247 3245 3243 3241 3239 3236 3234 3233 3232 3233 3234 3236 3237 3239 3241 3241 3240 3239 3238 3237 3236 3236 3236 3235 3234 3233 3231 3230 3229 3227 3225 3223 3220 3216 3212 3207 3202 3195 3185 3171 3154 3135 3114 3092 3070 3049 3026 3003 2982 2962 2943 2924 2904 2884 2864 2844 2825
3185 3189 3193 3197 3200 3203 3205 3205 3202 3201 3200 3200 3200 3200 3200 3200 3201 3205 3211 3222 3231 3238 3241 3244 3245 3245 3245 3245 3243 3241 3240 3238 3235 3232 3230 3230 3230 3231 3232 3234 3236 3238 3239 3239 3237 3236 3235 3234 3233 3232 3231 3230 3229 3227 3226 3225 3224 3223 3221 3218 3215 3211 3207 3202 3196 3186 3172 3156 3137 3116 3094 3073 3051 3029 3005 2983 2962 2942 2922 2902 2881 2861 2841 2821
3182 3186 3190 3195 3198 3201 3203 3204 3202 3201 3200 3200 3199 3199 3198 3197 3198 3201 3207 3218 3227 3234 3238 3240 3242 3242 3243 3242 3241 3239 3238 3236 3233 3230 3228 3227 3227 3227 3229 3231 3233 3235 3236 3236 3236 3235 3234 3232 3230 3229 3228 3227 3225 3224 3222 3222 3221 3220 3219 3217 3214 3210 3206 3201 3194 3184 3171 3155 3136 3115 3095 3073 3051 3029 3005 2982 2960 2938 2916 2896 2876 2856 2836 2814
3178 3183 3188 3193 3197 3199 3201 3202 3201 3200 3200 3200 3199 3198 3196 3194 3194 3197 3204 3214 3223 3229 3233 3236 3238 3239 3240 3239 3238 3237 3235 3234 3231 3228 3226 3224 3224 3224 3225 3228 3230 3232 3233 3234 3234 3233 3232 3230 3228 3226 3225 3223 3221 3220 3219 3218 3218 3217 3216 3215 3212 3209 3205 3200 3192 3181 3168 3151 3133 3113 3093 3072 3049 3025 3002 2979 2956 2932 2908 2888 2869 2849 2829 2806
3174 3180 3185 3191 3195 3198 3200 3200 3200 3200 3200 3199 3199 3198 3194 3190 3189 3193 3200 3210 3217 3224 3228 3232 3234 3236 3236 3236 3235 3234 3232 3230 3228 3226 3223 3221 3220 3221 3222 3224 3227 3228 3230 3230 3231 3231 3230 3228 3226 3223 3221 3219 3218 3216 3215 3214 3214 3214 3213 3212 3210 3207 3204 3199 3190 3178 3163 3147 3128 3108 3088 3066 3043 3018 2996 2974 2951 2925 2899 2880 2861 2842 2821 2799
3171 3177 3183 3189 3194 3197 3199 3200 3200 3200 3200 3199 3198 3196 3191 3186 3184 3188 3196 3204 3212 3218 3223 3227 3229 3231 3232 3232 3231 3230 3229 3227 3225 3222 3220 3218 3217 3217 3219 3221 3223 3225 3226 3227 3228 3228 3227 3225 3223 3221 3219 3217 3214 3212 3211 3210 3210 3210 3210 3210 3208 3206 3202 3197 3187 3174 3159 3142 3123 3102 3079 3054 3030 3006 2985 2963 2941 2917 2892 2872 2854 2835 2814 2790
3168 3174 3180 3186 3192 3196 3198 3199 3200 3200 3199 3199 3197 3195 3187 3181 3179 3182 3190 3198 3206 3212 3218 3222 3225 3227 3228 3228 3228 3227 3225 3223 3221 3219 3217 3215 3213 3214 3215 3217 3220 3222 3223 3224 3224 3224 3224 3223 3221 3218 3216 3214 3212 3209 3207 3207 3207 3207 3207 3207 3206 3204 3200 3194 3183 3170 3155 3137 3117 3095 3069 3042 3017 2995 2975 2953 2931 2907 2883 2864 2846 2827 2806 2783
3164 3170 3177 3184 3190 3195 3198 3199 3200 3199 3199 3198 3196 3193 3184 3177 3174 3176 3183 3192 3200 3207 3213 3217 3220 3223 3224 3224 3224 3223 3222 3220 3218 3216 3213 3211 3210 3210 3211 3214 3216 3218 3220 3221 3221 3221 3221 3220 3218 3216 3214 3211 3209 3206 3204 3203 3203 3203 3204 3204 3203 3201 3196 3190 3179 3166 3150 3131 3111 3086 3058 3030 3006 2987 2967 2945 2922 2898 2874 2855 2836 2817 2798 2777
3161 3167 3174 3182 3189 3194 3197 3199 3199 3199 3198 3197 3194 3190 3181 3174 3170 3172 3177 3186 3194 3201 3207 3212 3216 3219 3220 3220 3220 3219 3218 3216 3214 3212 3210 3207 3206 3206 3208 3211 3213 3215 3216 3217 3218 3218 3218 3217 3216 3214 3211 3209 3206 3203 3201 3199 3198 3198 3199 3199 3199 3197 3193 3186 3174 3160 3144 3125 3102 3076 3047 3020 2998 2981 2961 2940 2917 2891 2866 2846 2827 2808 2789 2771
3159 3165 3172 3180 3187 3193 3196 3198 3199 3199 3197 3195 3192 3188 3178 3171 3168 3168 3172 3180 3189 3196 3202 3207 3211 3214 3216 3216 3216 3215 3214 3213 3211 3209 3206 3204 3203 3203 3205 3208 3210 3212 3213 3214 3214 3215 3215 3215 3214 3212 3210 3207 3204 3200 3196 3193 3192 3193 3194 3195 3195 3194 3190 3182 3169 3155 3137 3116 3092 3065 3036 3011 2992 2976 2957 2936 2913 2887 2860 2839 2820 2801 2782 2765
3157 3163 3170 3178 3185 3191 3196 3198 3199 3199 3198 3196 3192 3186 3176 3169 3165 3165 3167 3174 3182 3189 3196 3201 3206 3210 3212 3212 3212 3211 3210 3209 3207 3206 3203 3202 3201 3201 3202 3205 3207 3208 3210 3211 3212 3212 3213 3213 3213 3211 3209 3206 3203 3198 3192 3187 3185 3185 3186 3188 3189 3189 3186 3180 3167 3150 3128 3104 3078 3052 3027 3006 2988 2972 2952 2930 2906 2880 2854 2833 2814 2795 2776 2759
3155 3161 3168 3176 3183 3189 3194 3197 3198 3198 3198 3196 3192 3186 3176 3168 3164 3162 3163 3169 3175 3182 3189 3196 3201 3205 3207 3208 3208 3207 3206 3205 3204 3202 3200 3199 3198 3199 3200 3202 3203 3205 3206 3207 3209 3210 3211 3211 3211 3210 3208 3205 3202 3198 3191 3184 3179 3177 3178 3180 3181 3181 3179 3175 3162 3144 3120 3093 3065 3040 3018 2999 2982 2966 2944 2922 2897 2871 2846 2825 2806 2787 2769 2752
3153 3160 3166 3173 3180 3187 3192 3195 3197 3197 3197 3196 3192 3186 3177 3169 3163 3161 3161 3164 3169 3174 3182 3190 3195 3199 3202 3203 3204 3203 3203 3202 3200 3199 3197 3196 3195 3196 3198 3199 3200 3201 3203 3204 3206 3207 3208 3209 3210 3209 3207 3205 3202 3198 3191 3183 3176 3173 3172 3173 3173 3173 3171 3168 3156 3138 3114 3085 3055 3030 3009 2991 2974 2957 2935 2912 2887 2862 2837 2817 2797 2779 2762 2745
3152 3158 3164 3171 3177 3183 3188 3192 3195 3196 3196 3194 3192 3187 3179 3171 3164 3161 3160 3161 3163 3168 3175 3183 3189 3193 3196 3198 3199 3199 3199 3198 3197 3195 3194 3193 3193 3194 3195 3196 3197 3198 3199 3201 3203 3205 3206 3207 3208 3208 3207 3205 3203 3199 3192 3184 3177 3171 3168 3167 3165 3164 3163 3161 3149 3131 3108 3079 3048 3023 3001 2981 2964 2946 2925 2902 2878 2852 2828 2808 2789 2771 2754 2738
3150 3156 3162 3168 3174 3180 3185 3189 3193 3194 3194 3193 3192 3189 3181 3173 3166 3162 3159 3158 3159 3162 3168 3175 3182 3187 3191 3193 3195 3195 3195 3194 3193 3192 3191 3190 3190 3191 3193 3194 3194 3195 3197 3199 3200 3202 3204 3205 3207 3207 3207 3205 3202 3198 3193 3186 3179 3172 3167 3162 3159 3156 3154 3153 3141 3124 3101 3074 3043 3015 2992 2971 2952 2934 2913 2892 2869 2844 2818 2798 2780 2762 2746 2731
3148 3154 3160 3166 3171 3177 3182 3186 3190 3192 3192 3191 3189 3187 3181 3174 3168 3162 3157 3154 3154 3157 3163 3170 3176 3181 3185 3188 3190 3191 3191 3190 3190 3189 3188 3188 3188 3188 3190 3191 3191 3192 3193 3195 3197 3199 3201 3203 3205 3205 3205 3204 3202 3198 3193 3187 3181 3175 3169 3163 3157 3152 3147 3142 3131 3116 3095 3070 3040 3011 2986 2963 2941 2920 2900 2878 2856 2833 2809 2790 2772 2755 2738 2723
3146 3152 3158 3163 3169 3174 3178 3183 3187 3188 3189 3188 3187 3184 3179 3173 3167 3161 3155 3151 3150 3152 3157 3165 3171 3176 3180 3183 3186 3186 3187 3186 3186 3185 3185 3185 3185 3186 3187 3188 3189 3189 3190 3192 3194 3196 3198 3200 3202 3203 3203 3202 3200 3197 3193 3188 3182 3177 3171 3164 3157 3149 3139 3130 3119 3105 3087 3065 3037 3007 2981 2956 2932 2909 2888 2866 2844 2822 2800 2782 2764 2747 2731 2716
3144 3150 3155 3161 3166 3171 3176 3180 3183 3185 3186 3186 3184 3182 3177 3172 3166 3159 3152 3146 3144 3146 3152 3160 3166 3172 3176 3179 3182 3182 3182 3182 3182 3182 3182 3182 3182 3183 3185 3185 3186 3186 3187 3188 3190 3192 3195 3197 3199 3200 3200 3200 3198 3195 3192 3187 3182 3177 3172 3165 3157 3146 3132 3116 3104 3090 3075 3056 3032 3003 2976 2950 2924 2900 2878 2855 2833 2812 2792 2774 2757 2740 2725 2710
3142 3147 3153 3158 3163 3168 3173 3177 3180 3182 3183 3183 3182 3179 3175 3170 3164 3158 3150 3143 3139 3141 3146 3155 3162 3168 3172 3176 3177 3178 3178 3178 3178 3178 3178 3178 3179 3181 3182 3183 3183 3184 3184 3185 3186 3188 3190 3192 3195 3196 3196 3196 3195 3192 3189 3185 3181 3176 3171 3164 3154 3141 3123 3102 3086 3072 3058 3042 3022 2995 2967 2941 2915 2891 2869 2846 2824 2803 2784 2767 2750 2734 2719 2706
3140 3145 3150 3156 3161 3166 3170 3174 3177 3179 3180 3181 3180 3177 3173 3168 3162 3156 3148 3139 3135 3135 3141 3150 3158 3164 3169 3172 3173 3174 3174 3174 3174 3174 3174 3175 3177 3178 3180 3180 3181 3181 3181 3181 3181 3182 3184 3187 3189 3191 3192 3192 3191 3189 3186 3183 3179 3174 3169 3161 3150 3134 3113 3087 3067 3051 3038 3024 3008 2981 2955 2929 2904 2882 2860 2837 2815 2795 2776 2760 2743 2728 2715 2703
3137 3143 3148 3154 3159 3163 3167 3170 3173 3175 3177 3177 3177 3174 3170 3165 3159 3153 3145 3136 3132 3131 3136 3144 3153 3160 3165 3167 3168 3168 3169 3169 3169 3170 3171 3173 3174 3176 3178 3178 3178 3178 3178 3177 3177 3177 3178 3180 3182 3184 3185 3185 3185 3184 3182 3179 3176 3171 3166 3156 3143 3126 3106 3081 3058 3038 3020 3002 2983 2957 2932 2909 2888 2869 2849 2828 2808 2789 2772 2755 2739 2725 2712 2701
3135 3140 3146 3151 3156 3160 3164 3167 3170 3172 3173 3174 3173 3171 3168 3163 3157 3150 3143 3135 3130 3129 3132 3139 3148 3155 3160 3162 3162 3162 3164 3165 3165 3166 3169 3171 3172 3174 3176 3176 3176 3176 3175 3174 3173 3172 3172 3174 3176 3177 3178 3178 3179 3179 3178 3176 3173 3169 3163 3151 3137 3120 3099 3075 3050 3027 3006 2984 2961 2936 2912 2891 2873 2857 2838 2819 2800 2783 2766 2750 2735 2722 2710 2700
3132 3137 3143 3148 3153 3157 3160 3163 3166 3168 3170 3170 3170 3168 3165 3161 3156 3150 3142 3134 3129 3127 3129 3134 3142 3149 3153 3155 3155 3157 3158 3160 3162 3164 3166 3169 3171 3172 3174 3175 3174 3174 3173 3171 3169 3168 3167 3168 3169 3170 3170 3171 3172 3173 3173 3172 3170 3166 3160 3148 3133 3115 3093 3067 3042 3018 2994 2970 2945 2920 2897 2877 2860 2845 2827 2808 2790 2774 2759 2744 2731 2719 2708 2697
