data/dem/DEM_30_0000768000_0009840000.asc
ncols 800
nrows 800
xllcenter 768015.000000
yllcenter -159985.000000
cellsize 30.000000
nodata_value -9999
[rows 266 to 303 of 800, columns 336 to 419 of 800]
2300 2301 2302 2302 2303 2303 2303 2303 2304 2304 2304 2305 2305 2307 2309 2311 2315 2320 2326 2333 2342 2352 2364 2377 2389 2401 2412 2422 2431 2439 2445 2451 2460 2470 2480 2493 2508 2525 2540 2554 2566 2576 2583 2591 2599 2608 2617 2626 2633 2640 2645 2650 2654 2658 2660 2663 2665 2666 2665 2664 2663 2662 2661 2661 2660 2660 2660 2662 2665 2669 2677 2686 2703 2724 2745 2764 2781 2797 2815 2831 2847 2862 2878 2894
2299 2300 2300 2301 2301 2302 2302 2302 2302 2302 2302 2302 2302 2303 2305 2307 2310 2314 2318 2323 2329 2337 2348 2359 2371 2382 2394 2404 2412 2419 2424 2430 2438 2446 2457 2470 2485 2503 2519 2534 2547 2556 2564 2571 2579 2588 2597 2606 2613 2620 2626 2631 2635 2637 2639 2642 2645 2646 2647 2647 2648 2650 2650 2650 2650 2650 2651 2653 2658 2665 2674 2684 2700 2718 2738 2758 2777 2793 2811 2829 2846 2862 2880 2896
2297 2298 2299 2299 2300 2300 2300 2300 2300 2299 2299 2299 2299 2300 2301 2303 2305 2309 2312 2316 2321 2328 2336 2346 2356 2367 2377 2386 2394 2400 2406 2412 2419 2427 2438 2450 2465 2482 2498 2513 2526 2537 2545 2553 2562 2571 2579 2587 2594 2600 2607 2614 2617 2618 2620 2622 2625 2628 2630 2632 2635 2637 2639 2640 2642 2643 2644 2648 2654 2662 2672 2682 2696 2712 2731 2750 2770 2787 2805 2823 2841 2860 2877 2893
2296 2297 2297 2297 2298 2298 2298 2298 2298 2297 2297 2297 2297 2297 2298 2299 2301 2304 2307 2310 2315 2320 2327 2335 2344 2353 2362 2370 2377 2384 2390 2396 2403 2411 2420 2433 2447 2462 2478 2493 2507 2519 2527 2536 2545 2554 2561 2568 2575 2582 2589 2596 2600 2602 2604 2606 2610 2613 2615 2618 2621 2624 2627 2630 2633 2636 2639 2645 2652 2661 2671 2681 2694 2709 2726 2745 2765 2782 2799 2817 2836 2856 2873 2888
2294 2295 2295 2296 2296 2296 2296 2296 2296 2295 2295 2294 2294 2293 2294 2295 2296 2299 2302 2305 2309 2314 2320 2327 2334 2342 2350 2357 2364 2370 2376 2382 2388 2396 2405 2417 2430 2445 2460 2475 2489 2502 2511 2520 2529 2537 2544 2550 2556 2563 2571 2579 2584 2587 2590 2593 2597 2600 2603 2606 2609 2612 2615 2620 2624 2629 2635 2642 2651 2661 2671 2681 2693 2707 2724 2743 2761 2777 2793 2811 2830 2851 2867 2882
2293 2293 2294 2294 2294 2294 2295 2294 2294 2293 2292 2292 2291 2290 2290 2290 2292 2294 2297 2300 2304 2309 2315 2320 2326 2332 2340 2347 2353 2359 2364 2369 2375 2382 2392 2403 2415 2429 2444 2459 2473 2486 2496 2506 2514 2521 2527 2532 2538 2546 2554 2563 2569 2574 2578 2582 2586 2589 2592 2595 2598 2601 2605 2610 2616 2623 2631 2640 2650 2660 2671 2681 2693 2707 2723 2741 2759 2774 2789 2806 2825 2845 2861 2875
2291 2292 2292 2292 2292 2292 2293 2293 2292 2291 2290 2289 2288 2286 2286 2286 2287 2290 2293 2296 2300 2304 2310 2315 2320 2325 2332 2339 2345 2350 2355 2359 2364 2371 2381 2392 2403 2415 2429 2444 2459 2473 2483 2492 2500 2506 2511 2516 2523 2530 2539 2548 2556 2561 2566 2571 2576 2579 2582 2585 2588 2592 2596 2602 2609 2618 2629 2639 2649 2660 2670 2681 2693 2707 2722 2739 2757 2772 2787 2803 2820 2838 2854 2868
2290 2290 2290 2290 2290 2290 2291 2291 2290 2290 2289 2287 2286 2284 2283 2283 2284 2286 2289 2293 2297 2301 2307 2312 2318 2323 2329 2335 2341 2346 2350 2354 2360 2367 2376 2386 2397 2409 2422 2437 2450 2463 2473 2482 2490 2496 2501 2507 2514 2522 2529 2537 2544 2551 2557 2562 2566 2570 2573 2576 2580 2584 2590 2597 2605 2616 2629 2639 2650 2660 2670 2681 2694 2708 2723 2739 2756 2771 2786 2801 2817 2833 2848 2863
2288 2289 2289 2288 2288 2288 2288 2289 2288 2288 2287 2286 2284 2282 2282 2282 2282 2284 2287 2290 2294 2299 2304 2310 2316 2322 2327 2333 2338 2343 2347 2352 2357 2364 2372 2383 2394 2405 2419 2432 2445 2456 2466 2474 2481 2487 2493 2499 2507 2514 2521 2527 2534 2541 2548 2553 2558 2562 2565 2569 2572 2577 2585 2593 2604 2616 2630 2641 2651 2661 2671 2682 2695 2709 2723 2739 2755 2770 2785 2800 2815 2830 2844 2858
2286 2287 2287 2287 2286 2286 2286 2286 2286 2286 2285 2284 2282 2281 2281 2281 2281 2282 2285 2288 2292 2297 2303 2309 2315 2321 2325 2331 2336 2341 2346 2350 2356 2363 2371 2381 2393 2404 2417 2430 2441 2452 2460 2468 2475 2481 2486 2492 2500 2507 2514 2519 2526 2532 2539 2545 2551 2554 2558 2562 2567 2572 2581 2591 2603 2617 2632 2643 2653 2663 2673 2684 2697 2710 2724 2739 2755 2771 2787 2802 2816 2830 2843 2856
2285 2285 2285 2285 2284 2284 2284 2284 2284 2284 2283 2282 2281 2281 2280 2280 2280 2281 2283 2286 2290 2295 2301 2308 2314 2319 2324 2329 2335 2340 2345 2350 2356 2362 2371 2381 2393 2404 2416 2428 2439 2449 2457 2464 2470 2476 2480 2486 2492 2500 2506 2512 2518 2524 2530 2537 2543 2548 2552 2557 2563 2569 2580 2591 2604 2619 2634 2646 2657 2666 2676 2685 2699 2712 2726 2741 2757 2774 2790 2805 2819 2832 2844 2855
2283 2282 2282 2283 2282 2282 2282 2282 2281 2281 2281 2281 2280 2280 2280 2280 2280 2281 2282 2284 2288 2293 2300 2306 2313 2318 2323 2329 2334 2339 2344 2349 2356 2363 2372 2383 2395 2407 2418 2429 2439 2447 2454 2460 2466 2471 2475 2480 2486 2493 2499 2506 2512 2517 2524 2530 2537 2542 2548 2554 2560 2568 2580 2592 2605 2620 2636 2649 2661 2670 2678 2687 2701 2714 2728 2744 2760 2778 2794 2810 2824 2836 2847 2857
2280 2279 2280 2280 2280 2279 2279 2278 2278 2278 2279 2280 2280 2280 2280 2280 2280 2281 2282 2284 2287 2292 2298 2305 2312 2318 2322 2328 2334 2339 2344 2349 2356 2365 2376 2387 2399 2410 2422 2432 2440 2446 2452 2458 2463 2467 2472 2477 2482 2488 2494 2501 2507 2514 2520 2527 2533 2540 2546 2553 2562 2572 2583 2594 2607 2622 2638 2652 2664 2675 2684 2693 2705 2719 2733 2748 2764 2781 2798 2814 2829 2842 2852 2861
2276 2275 2276 2277 2277 2276 2275 2274 2275 2275 2277 2278 2278 2279 2279 2280 2280 2282 2283 2285 2288 2292 2298 2305 2311 2317 2322 2328 2334 2340 2345 2351 2359 2369 2380 2391 2402 2414 2425 2434 2441 2446 2451 2456 2461 2465 2470 2474 2479 2484 2490 2497 2504 2511 2518 2525 2532 2539 2547 2556 2565 2576 2588 2599 2611 2626 2642 2656 2669 2680 2690 2700 2711 2724 2738 2753 2768 2785 2802 2818 2833 2846 2857 2866
2270 2270 2271 2271 2272 2271 2270 2270 2271 2272 2273 2275 2276 2278 2279 2280 2281 2283 2284 2287 2290 2294 2300 2306 2312 2318 2323 2329 2336 2342 2348 2355 2364 2374 2385 2396 2407 2417 2428 2436 2442 2447 2452 2456 2461 2465 2469 2473 2478 2483 2488 2495 2502 2510 2518 2525 2533 2542 2551 2561 2571 2583 2594 2606 2618 2632 2647 2661 2674 2686 2696 2706 2717 2729 2743 2757 2773 2790 2806 2822 2837 2851 2861 2869
2262 2263 2264 2265 2266 2266 2266 2267 2268 2269 2271 2273 2275 2277 2279 2281 2282 2284 2286 2289 2293 2298 2304 2309 2315 2320 2326 2332 2339 2346 2354 2361 2370 2381 2392 2402 2412 2421 2430 2437 2444 2449 2453 2458 2461 2465 2469 2474 2478 2483 2488 2494 2501 2510 2518 2527 2536 2547 2558 2568 2579 2591 2603 2614 2626 2639 2653 2668 2681 2693 2703 2713 2723 2734 2747 2761 2777 2794 2810 2825 2840 2854 2864 2871
2254 2255 2257 2259 2260 2261 2262 2263 2265 2267 2269 2272 2275 2278 2280 2281 2283 2285 2288 2292 2296 2302 2308 2314 2320 2325 2331 2337 2344 2352 2361 2369 2379 2389 2400 2409 2418 2426 2433 2439 2445 2451 2455 2459 2463 2467 2471 2475 2479 2483 2489 2495 2502 2510 2519 2529 2541 2554 2566 2578 2589 2601 2613 2625 2637 2648 2659 2674 2688 2700 2710 2719 2728 2739 2750 2764 2780 2796 2812 2828 2842 2856 2866 2873
2245 2247 2250 2252 2255 2258 2260 2262 2265 2268 2271 2276 2278 2280 2281 2283 2285 2289 2293 2298 2304 2309 2315 2321 2328 2334 2339 2345 2352 2361 2371 2382 2390 2399 2408 2418 2426 2432 2438 2443 2448 2453 2457 2462 2466 2470 2474 2478 2483 2488 2493 2498 2505 2513 2522 2533 2548 2563 2577 2590 2602 2613 2626 2639 2652 2662 2671 2685 2698 2708 2717 2726 2734 2744 2754 2766 2781 2797 2813 2829 2843 2855 2865 2872
2236 2239 2242 2247 2251 2256 2259 2263 2266 2270 2275 2279 2281 2283 2284 2286 2289 2295 2301 2307 2313 2319 2325 2331 2338 2344 2350 2355 2362 2372 2383 2393 2400 2408 2416 2424 2432 2437 2442 2446 2451 2455 2459 2464 2468 2473 2477 2482 2487 2492 2498 2503 2509 2516 2526 2539 2555 2571 2586 2600 2614 2626 2639 2652 2666 2676 2684 2696 2707 2716 2724 2732 2740 2749 2759 2769 2782 2797 2813 2829 2843 2855 2864 2872
2226 2230 2236 2243 2249 2255 2261 2265 2269 2274 2278 2282 2285 2287 2289 2293 2297 2304 2311 2317 2324 2331 2338 2345 2351 2357 2362 2368 2375 2384 2393 2402 2408 2414 2421 2428 2436 2440 2445 2449 2453 2457 2461 2465 2470 2475 2480 2485 2491 2498 2504 2510 2515 2522 2532 2545 2561 2578 2594 2610 2625 2639 2651 2664 2676 2687 2695 2706 2716 2724 2730 2737 2745 2753 2762 2772 2784 2797 2813 2828 2842 2854 2864 2872
2217 2223 2232 2240 2249 2257 2264 2269 2273 2278 2282 2286 2290 2294 2298 2302 2308 2315 2323 2331 2339 2347 2354 2361 2366 2371 2376 2382 2389 2396 2403 2409 2414 2419 2424 2431 2437 2442 2446 2450 2454 2458 2462 2467 2471 2476 2482 2489 2496 2503 2510 2517 2523 2531 2540 2553 2568 2584 2601 2618 2635 2651 2663 2674 2685 2695 2705 2714 2722 2729 2735 2742 2749 2757 2765 2774 2786 2798 2812 2827 2841 2854 2865 2872
2211 2218 2229 2240 2250 2260 2269 2274 2278 2282 2287 2291 2297 2303 2308 2314 2321 2329 2337 2346 2355 2364 2372 2378 2383 2386 2390 2396 2402 2407 2411 2415 2418 2422 2427 2432 2438 2443 2447 2451 2455 2459 2463 2467 2472 2478 2484 2492 2500 2509 2517 2524 2532 2541 2551 2562 2575 2590 2606 2624 2643 2662 2673 2684 2694 2703 2712 2719 2726 2732 2738 2744 2751 2759 2767 2776 2787 2799 2812 2825 2839 2853 2864 2872
2210 2218 2232 2246 2259 2269 2277 2282 2286 2292 2297 2303 2308 2315 2322 2330 2339 2347 2356 2365 2375 2383 2390 2395 2399 2401 2404 2408 2412 2414 2416 2418 2421 2424 2428 2433 2438 2442 2446 2450 2454 2458 2462 2467 2473 2480 2487 2496 2505 2515 2524 2533 2543 2552 2562 2572 2584 2598 2614 2631 2649 2667 2679 2689 2697 2705 2712 2718 2724 2730 2737 2743 2751 2759 2767 2776 2786 2798 2810 2823 2836 2850 2863 2872
2212 2222 2239 2255 2269 2279 2285 2291 2297 2303 2309 2315 2322 2329 2338 2348 2357 2365 2374 2384 2393 2400 2406 2410 2413 2414 2416 2418 2420 2421 2421 2422 2424 2426 2429 2433 2437 2440 2444 2448 2451 2456 2461 2466 2473 2480 2489 2499 2509 2520 2531 2542 2552 2562 2572 2582 2593 2606 2621 2637 2654 2671 2681 2690 2697 2703 2708 2714 2720 2726 2733 2741 2749 2757 2766 2775 2784 2795 2806 2818 2832 2846 2860 2871
2217 2230 2248 2265 2279 2288 2295 2301 2308 2314 2321 2328 2336 2345 2354 2365 2375 2383 2392 2401 2409 2416 2419 2422 2423 2424 2425 2426 2427 2426 2426 2426 2426 2428 2430 2432 2436 2439 2442 2445 2449 2453 2458 2465 2472 2481 2491 2502 2512 2524 2536 2549 2559 2570 2581 2591 2601 2613 2627 2642 2657 2671 2680 2687 2693 2698 2702 2707 2713 2721 2728 2736 2745 2754 2763 2772 2781 2791 2801 2812 2826 2842 2857 2869
2223 2240 2259 2274 2287 2297 2305 2312 2319 2326 2334 2342 2351 2361 2370 2380 2390 2398 2407 2415 2423 2428 2430 2430 2431 2431 2431 2432 2432 2431 2430 2430 2429 2429 2430 2432 2434 2437 2440 2443 2446 2450 2456 2463 2471 2480 2491 2503 2515 2527 2540 2554 2565 2577 2588 2599 2609 2620 2632 2644 2658 2670 2677 2683 2687 2691 2694 2699 2705 2713 2722 2730 2740 2750 2760 2769 2778 2787 2796 2806 2820 2837 2854 2868
2231 2251 2268 2283 2295 2305 2314 2322 2330 2338 2347 2356 2366 2376 2385 2394 2402 2411 2420 2427 2433 2437 2437 2436 2436 2436 2436 2436 2436 2436 2435 2434 2432 2431 2431 2432 2434 2436 2438 2441 2444 2447 2453 2460 2469 2478 2490 2503 2516 2529 2542 2557 2570 2583 2594 2605 2615 2626 2637 2647 2657 2667 2673 2677 2681 2683 2685 2690 2696 2705 2714 2723 2734 2746 2757 2767 2776 2784 2793 2803 2815 2833 2852 2866
2238 2257 2274 2288 2300 2311 2320 2329 2339 2348 2357 2366 2376 2385 2394 2402 2411 2418 2425 2431 2435 2438 2438 2438 2438 2438 2438 2438 2438 2438 2437 2436 2435 2434 2434 2435 2436 2437 2439 2440 2442 2445 2450 2457 2465 2475 2486 2499 2512 2526 2540 2556 2569 2582 2593 2604 2616 2627 2637 2647 2655 2662 2667 2671 2674 2676 2678 2683 2690 2699 2709 2719 2730 2743 2757 2769 2780 2788 2796 2805 2817 2835 2853 2867
2245 2262 2278 2292 2304 2315 2324 2335 2345 2354 2363 2373 2383 2392 2400 2408 2417 2423 2428 2433 2436 2439 2439 2439 2439 2439 2439 2439 2439 2439 2439 2438 2437 2437 2436 2437 2438 2439 2439 2440 2442 2444 2448 2454 2462 2472 2482 2495 2508 2521 2536 2553 2566 2579 2590 2602 2613 2625 2635 2644 2651 2656 2661 2664 2667 2670 2673 2678 2686 2694 2705 2715 2728 2742 2758 2772 2785 2793 2801 2810 2822 2839 2855 2867
2250 2267 2282 2295 2307 2318 2328 2338 2348 2357 2366 2376 2386 2395 2404 2412 2420 2426 2431 2434 2437 2439 2439 2439 2439 2439 2440 2440 2440 2439 2439 2439 2439 2438 2438 2438 2439 2439 2440 2440 2441 2443 2447 2453 2461 2469 2479 2491 2503 2517 2532 2548 2562 2575 2587 2598 2610 2621 2631 2639 2645 2651 2655 2659 2662 2666 2670 2676 2683 2692 2702 2714 2726 2741 2758 2775 2790 2799 2807 2817 2828 2843 2857 2867
2255 2271 2285 2297 2308 2319 2329 2339 2349 2358 2367 2377 2388 2397 2406 2414 2422 2428 2432 2435 2437 2438 2439 2439 2439 2439 2440 2440 2440 2440 2440 2439 2439 2439 2439 2439 2439 2440 2440 2440 2442 2443 2447 2453 2460 2468 2476 2487 2500 2514 2528 2544 2558 2571 2583 2595 2606 2616 2625 2633 2640 2645 2650 2654 2659 2663 2668 2675 2682 2691 2701 2713 2726 2742 2759 2777 2793 2804 2814 2824 2835 2848 2859 2868
2257 2274 2287 2298 2309 2319 2329 2338 2348 2357 2367 2377 2388 2398 2407 2414 2421 2427 2432 2435 2437 2437 2438 2439 2439 2439 2440 2440 2440 2440 2440 2440 2440 2440 2440 2440 2440 2440 2440 2440 2442 2444 2448 2453 2459 2466 2474 2485 2498 2512 2526 2541 2555 2568 2580 2591 2602 2611 2619 2627 2634 2640 2646 2651 2656 2661 2667 2674 2682 2691 2702 2713 2727 2743 2760 2778 2796 2808 2819 2830 2840 2851 2862 2870
2257 2273 2285 2296 2306 2316 2325 2335 2345 2355 2365 2377 2388 2397 2405 2412 2420 2425 2430 2433 2435 2436 2437 2437 2438 2438 2439 2439 2440 2440 2440 2440 2440 2440 2440 2440 2440 2440 2440 2440 2442 2444 2447 2452 2458 2466 2474 2485 2497 2510 2524 2538 2552 2565 2577 2589 2599 2608 2616 2624 2631 2637 2643 2648 2654 2660 2667 2674 2682 2692 2704 2716 2730 2746 2763 2781 2798 2811 2822 2833 2843 2853 2862 2869
2254 2269 2281 2292 2303 2313 2322 2331 2341 2351 2362 2375 2386 2394 2402 2409 2417 2422 2426 2430 2432 2435 2436 2436 2436 2437 2439 2439 2439 2440 2440 2440 2440 2440 2440 2440 2440 2440 2440 2440 2441 2443 2447 2452 2458 2466 2475 2485 2497 2510 2524 2537 2551 2564 2576 2588 2598 2607 2615 2623 2629 2636 2642 2648 2654 2660 2667 2674 2682 2693 2706 2719 2734 2750 2768 2785 2801 2813 2825 2835 2845 2853 2861 2867
2251 2264 2276 2288 2299 2309 2319 2328 2337 2347 2358 2370 2381 2390 2398 2406 2414 2418 2422 2426 2429 2432 2433 2434 2435 2437 2438 2439 2439 2440 2440 2440 2440 2440 2440 2440 2440 2440 2440 2440 2441 2442 2446 2450 2457 2466 2476 2487 2500 2513 2526 2539 2553 2565 2577 2588 2599 2608 2616 2624 2631 2637 2643 2649 2654 2661 2667 2674 2683 2694 2707 2721 2737 2755 2772 2789 2804 2816 2827 2837 2845 2853 2859 2865
2246 2258 2271 2283 2294 2305 2315 2323 2332 2341 2352 2363 2374 2385 2395 2403 2410 2414 2418 2422 2425 2429 2431 2432 2434 2436 2437 2438 2439 2439 2440 2440 2440 2440 2440 2440 2440 2440 2440 2440 2440 2441 2444 2449 2456 2466 2477 2490 2503 2517 2530 2543 2556 2568 2580 2590 2600 2610 2619 2627 2634 2640 2645 2651 2656 2662 2668 2675 2685 2696 2709 2723 2740 2758 2776 2793 2808 2819 2829 2838 2845 2852 2858 2862
2241 2252 2265 2277 2289 2300 2310 2318 2326 2335 2344 2355 2367 2379 2391 2399 2405 2410 2414 2418 2421 2425 2427 2430 2433 2435 2436 2437 2438 2439 2440 2440 2440 2440 2440 2440 2440 2440 2440 2440 2440 2441 2443 2448 2456 2467 2479 2493 2507 2521 2534 2548 2560 2572 2583 2593 2602 2613 2623 2631 2638 2644 2649 2654 2659 2664 2669 2677 2686 2698 2712 2726 2743 2761 2779 2796 2811 2822 2831 2839 2845 2851 2856 2859
2236 2246 2258 2271 2282 2293 2303 2311 2319 2327 2336 2345 2358 2371 2383 2392 2399 2404 2409 2413 2417 2420 2423 2427 2430 2433 2435 2437 2438 2439 2439 2440 2440 2440 2440 2440 2440 2440 2440 2440 2440 2441 2445 2451 2460 2471 2484 2499 2513 2527 2540 2552 2563 2575 2587 2598 2609 2619 2628 2636 2642 2648 2654 2659 2663 2668 2674 2681 2690 2702 2716 2731 2747 2763 2780 2797 2814 2825 2834 2841 2847 2852 2854 2856
