data/dem/DEM_30_0000672000_0009696000.asc
ncols 800
nrows 800
xllcenter 672015.000000
yllcenter -303985.000000
cellsize 30.000000
nodata_value -9999
[rows 663 to 701 of 800, columns 516 to 601 of 800]
3294 3311 3327 3343 3359 3377 3396 3421 3450 3481 3514 3545 3575 3606 3634 3659 3679 3697 3714 3731 3749 3771 3796 3820 3842 3862 3881 3899 3915 3929 3942 3953 3963 3973 3980 3983 3982 3981 3979 3977 3975 3974 3973 3973 3974 3976 3980 3984 3987 3989 3989 3988 3988 3989 3991 3994 3997 3998 3998 3997 3995 3993 3993 3995 3999 4003 4008 4016 4026 4036 4047 4058 4068 4079 4091 4105 4123 4140 4158 4174 4189 4202 4210 4217 4224 4230
3289 3304 3320 3336 3352 3369 3388 3414 3443 3474 3506 3536 3566 3596 3623 3646 3667 3687 3705 3723 3742 3764 3789 3812 3833 3852 3870 3888 3905 3920 3933 3946 3959 3971 3980 3985 3985 3985 3986 3986 3985 3983 3983 3982 3982 3984 3987 3991 3994 3996 3997 3996 3995 3995 3996 3999 4003 4005 4005 4005 4004 4002 4001 4001 4003 4005 4008 4015 4026 4038 4051 4063 4074 4084 4096 4111 4127 4145 4162 4178 4193 4205 4213 4221 4228 4234
3284 3299 3315 3331 3346 3363 3382 3408 3436 3466 3497 3528 3557 3585 3611 3633 3654 3676 3695 3714 3734 3756 3779 3801 3820 3837 3854 3872 3890 3905 3920 3933 3948 3961 3972 3979 3982 3984 3987 3989 3990 3990 3989 3989 3989 3991 3993 3997 4000 4002 4003 4003 4002 4002 4003 4005 4009 4012 4014 4015 4015 4014 4011 4009 4008 4009 4010 4018 4028 4041 4054 4068 4079 4090 4103 4117 4133 4149 4166 4182 4196 4207 4215 4224 4231 4238
3280 3295 3311 3326 3343 3360 3379 3403 3429 3457 3487 3520 3549 3575 3599 3621 3642 3664 3685 3705 3725 3745 3766 3785 3803 3818 3834 3853 3871 3887 3902 3916 3932 3946 3958 3967 3974 3978 3983 3987 3990 3992 3993 3993 3995 3997 4000 4003 4006 4008 4010 4010 4010 4010 4011 4013 4017 4020 4023 4026 4027 4028 4024 4020 4017 4015 4016 4023 4033 4044 4058 4072 4084 4096 4109 4123 4138 4154 4169 4184 4197 4208 4217 4226 4234 4241
3274 3290 3306 3323 3340 3358 3378 3400 3423 3449 3479 3512 3540 3565 3588 3609 3630 3652 3673 3694 3714 3732 3750 3767 3782 3797 3812 3829 3848 3865 3881 3896 3913 3927 3940 3950 3960 3967 3974 3980 3985 3990 3993 3995 3998 4001 4005 4009 4013 4016 4018 4019 4019 4019 4021 4023 4027 4031 4034 4038 4042 4044 4040 4034 4029 4025 4025 4031 4038 4048 4061 4076 4088 4101 4115 4129 4143 4157 4172 4186 4199 4209 4219 4228 4236 4244
3269 3285 3302 3319 3338 3358 3378 3399 3421 3446 3475 3505 3532 3557 3580 3601 3620 3642 3663 3682 3700 3716 3732 3747 3761 3775 3788 3802 3818 3834 3850 3867 3885 3900 3913 3925 3937 3947 3957 3966 3974 3980 3985 3990 3995 4001 4008 4014 4020 4025 4028 4030 4031 4032 4035 4038 4043 4048 4053 4057 4060 4063 4060 4055 4051 4048 4046 4046 4049 4055 4066 4080 4093 4106 4119 4133 4148 4161 4174 4187 4199 4210 4220 4230 4239 4248
3265 3280 3298 3317 3336 3357 3379 3399 3420 3443 3469 3497 3524 3549 3571 3591 3610 3631 3651 3669 3685 3699 3713 3727 3740 3753 3765 3777 3790 3804 3820 3838 3856 3871 3885 3899 3914 3926 3939 3951 3961 3970 3978 3985 3993 4001 4010 4019 4027 4033 4038 4040 4043 4046 4049 4054 4060 4067 4073 4077 4080 4083 4081 4077 4073 4071 4068 4064 4062 4065 4073 4085 4098 4110 4123 4137 4152 4164 4176 4188 4199 4211 4222 4233 4242 4251
3261 3275 3294 3314 3335 3357 3378 3397 3417 3438 3462 3488 3514 3538 3560 3580 3599 3618 3636 3653 3667 3679 3693 3706 3719 3731 3743 3754 3766 3779 3794 3812 3829 3844 3859 3875 3891 3906 3921 3935 3948 3960 3971 3982 3992 4002 4013 4023 4033 4041 4047 4051 4055 4060 4065 4070 4077 4085 4091 4096 4100 4103 4101 4098 4095 4092 4088 4082 4078 4077 4082 4090 4102 4114 4126 4140 4155 4166 4178 4189 4200 4212 4224 4235 4244 4253
3255 3270 3290 3312 3334 3356 3377 3395 3413 3432 3454 3478 3503 3527 3548 3568 3586 3603 3619 3634 3646 3659 3672 3685 3697 3710 3723 3734 3746 3759 3773 3789 3805 3820 3836 3854 3872 3889 3906 3922 3938 3953 3966 3979 3992 4004 4016 4028 4040 4049 4056 4062 4068 4074 4081 4087 4094 4101 4108 4113 4118 4120 4120 4118 4114 4110 4106 4100 4095 4092 4092 4097 4107 4117 4129 4143 4156 4168 4179 4190 4201 4213 4225 4236 4245 4255
3250 3266 3286 3308 3330 3352 3374 3390 3407 3424 3445 3468 3492 3514 3535 3554 3571 3586 3600 3613 3625 3636 3650 3662 3674 3688 3703 3715 3728 3742 3756 3770 3784 3799 3817 3837 3858 3877 3896 3915 3933 3949 3964 3979 3993 4006 4020 4034 4047 4058 4067 4074 4081 4089 4096 4103 4109 4116 4123 4129 4134 4136 4135 4134 4131 4127 4123 4118 4112 4107 4105 4107 4114 4122 4133 4146 4158 4170 4181 4192 4202 4214 4225 4235 4244 4253
3244 3261 3280 3301 3322 3344 3365 3383 3399 3416 3435 3457 3479 3499 3518 3534 3549 3563 3576 3588 3600 3612 3624 3635 3647 3663 3682 3697 3713 3729 3745 3760 3774 3791 3811 3834 3860 3881 3901 3920 3938 3955 3969 3984 3998 4012 4027 4043 4057 4068 4077 4085 4094 4102 4109 4116 4123 4130 4137 4143 4147 4149 4148 4147 4145 4142 4139 4134 4129 4125 4121 4120 4122 4128 4137 4149 4161 4173 4184 4195 4205 4215 4225 4234 4241 4247
3237 3254 3272 3291 3312 3335 3357 3375 3391 3407 3424 3445 3465 3483 3500 3514 3528 3540 3552 3564 3577 3591 3602 3613 3625 3643 3664 3682 3701 3720 3738 3753 3770 3788 3810 3836 3864 3888 3909 3929 3948 3964 3978 3991 4005 4020 4037 4053 4067 4079 4088 4097 4106 4114 4121 4129 4136 4144 4151 4157 4160 4161 4161 4161 4159 4157 4154 4150 4146 4142 4138 4133 4132 4135 4142 4152 4163 4175 4186 4196 4206 4215 4223 4230 4235 4240
3228 3246 3263 3281 3301 3324 3348 3366 3381 3396 3413 3431 3449 3466 3481 3495 3507 3519 3531 3543 3557 3573 3586 3599 3614 3633 3654 3673 3694 3715 3734 3751 3769 3790 3814 3842 3871 3896 3919 3940 3959 3976 3988 4001 4014 4030 4048 4063 4077 4090 4100 4109 4117 4125 4133 4141 4149 4157 4164 4169 4173 4174 4175 4175 4174 4171 4168 4165 4162 4158 4153 4147 4144 4143 4147 4155 4165 4176 4187 4197 4206 4213 4219 4224 4228 4232
3220 3238 3253 3270 3290 3314 3339 3355 3370 3384 3399 3416 3432 3448 3462 3476 3487 3500 3513 3527 3543 3560 3577 3593 3610 3630 3650 3670 3692 3713 3733 3750 3771 3795 3821 3849 3878 3904 3928 3951 3971 3987 4000 4012 4026 4042 4060 4075 4089 4102 4112 4121 4129 4137 4144 4152 4160 4168 4175 4181 4185 4187 4189 4189 4188 4185 4182 4180 4177 4173 4168 4161 4156 4153 4153 4158 4167 4177 4187 4197 4204 4209 4213 4216 4219 4223
3211 3229 3245 3262 3282 3304 3327 3343 3357 3371 3385 3400 3415 3430 3444 3457 3470 3484 3499 3516 3534 3552 3572 3592 3612 3632 3652 3671 3692 3713 3733 3752 3775 3802 3830 3859 3886 3912 3936 3960 3981 3999 4012 4025 4039 4056 4073 4089 4102 4114 4124 4133 4140 4147 4155 4162 4170 4178 4185 4191 4196 4199 4201 4201 4201 4199 4197 4195 4192 4187 4181 4174 4167 4161 4159 4161 4168 4177 4187 4195 4202 4205 4207 4209 4211 4213
3200 3220 3237 3255 3274 3293 3311 3327 3341 3355 3368 3381 3396 3412 3427 3443 3459 3477 3496 3516 3535 3554 3576 3596 3616 3636 3656 3676 3696 3716 3736 3756 3779 3806 3835 3865 3893 3920 3947 3972 3993 4011 4025 4040 4055 4070 4085 4100 4113 4124 4135 4144 4152 4159 4167 4175 4182 4188 4194 4200 4205 4210 4213 4214 4214 4212 4211 4207 4203 4197 4192 4186 4177 4168 4163 4163 4167 4175 4183 4192 4198 4202 4203 4205 4206 4208
3190 3211 3229 3247 3264 3281 3297 3312 3326 3341 3354 3366 3382 3398 3415 3433 3451 3472 3493 3515 3536 3558 3580 3601 3621 3641 3661 3680 3700 3720 3739 3760 3783 3810 3839 3869 3898 3926 3954 3980 4003 4021 4036 4052 4067 4082 4095 4109 4121 4133 4143 4153 4162 4171 4179 4186 4193 4198 4203 4208 4215 4221 4225 4227 4227 4226 4225 4220 4214 4208 4203 4197 4186 4176 4169 4167 4169 4175 4182 4189 4194 4198 4200 4201 4202 4204
3183 3204 3222 3239 3255 3271 3285 3300 3315 3330 3344 3357 3374 3390 3408 3427 3447 3468 3490 3512 3535 3560 3584 3606 3626 3646 3666 3685 3704 3723 3743 3764 3787 3813 3841 3871 3901 3929 3957 3983 4006 4027 4044 4060 4075 4089 4102 4114 4126 4137 4148 4159 4170 4181 4189 4196 4202 4206 4211 4218 4225 4232 4236 4239 4241 4240 4238 4233 4227 4221 4215 4208 4197 4186 4178 4175 4176 4180 4184 4189 4192 4196 4198 4199 4201 4202
3178 3199 3217 3233 3248 3263 3278 3293 3308 3324 3338 3352 3370 3388 3405 3424 3445 3465 3486 3508 3533 3561 3588 3611 3632 3651 3671 3691 3710 3728 3747 3768 3792 3817 3844 3873 3902 3929 3956 3982 4006 4028 4047 4064 4079 4092 4105 4116 4127 4138 4149 4162 4176 4187 4197 4203 4208 4213 4220 4227 4234 4241 4247 4252 4254 4254 4251 4245 4240 4234 4227 4219 4208 4199 4191 4188 4188 4190 4191 4192 4193 4194 4197 4198 4200 4202
3176 3196 3214 3229 3244 3260 3275 3290 3306 3321 3336 3353 3371 3389 3406 3425 3445 3463 3482 3505 3531 3561 3590 3615 3637 3656 3677 3697 3715 3733 3753 3774 3797 3821 3846 3874 3902 3929 3956 3981 4005 4027 4047 4064 4078 4091 4103 4114 4125 4137 4149 4163 4178 4190 4200 4207 4213 4219 4227 4235 4243 4250 4258 4264 4267 4268 4265 4258 4252 4246 4239 4230 4221 4213 4207 4204 4202 4202 4201 4199 4196 4195 4197 4198 4200 4202
3181 3200 3216 3232 3247 3263 3279 3295 3310 3325 3341 3359 3378 3395 3413 3431 3451 3469 3489 3513 3541 3571 3597 3620 3640 3659 3679 3699 3719 3738 3759 3781 3803 3825 3848 3874 3901 3927 3953 3977 4000 4021 4039 4057 4071 4084 4096 4109 4122 4135 4148 4162 4176 4188 4198 4206 4214 4221 4229 4238 4247 4256 4265 4272 4276 4277 4276 4270 4265 4260 4252 4242 4235 4230 4226 4222 4220 4219 4216 4211 4205 4201 4201 4201 4201 4202
3186 3205 3221 3236 3252 3268 3285 3301 3316 3332 3349 3367 3386 3404 3422 3440 3459 3477 3499 3525 3554 3584 3606 3627 3645 3664 3683 3703 3723 3744 3766 3789 3810 3830 3851 3875 3900 3925 3949 3972 3993 4012 4031 4049 4065 4080 4093 4107 4121 4135 4148 4161 4175 4186 4196 4204 4213 4222 4231 4240 4249 4260 4271 4279 4285 4288 4287 4284 4280 4274 4266 4257 4252 4248 4245 4242 4241 4238 4234 4228 4220 4212 4210 4207 4206 4205
3192 3210 3226 3242 3258 3274 3292 3308 3324 3340 3358 3376 3395 3414 3433 3450 3468 3488 3511 3538 3567 3595 3616 3635 3654 3672 3691 3710 3730 3751 3773 3796 3817 3837 3857 3878 3900 3924 3946 3967 3987 4005 4024 4043 4062 4079 4095 4109 4123 4137 4150 4162 4174 4185 4194 4203 4212 4222 4231 4241 4251 4263 4276 4286 4294 4298 4300 4298 4294 4289 4282 4275 4271 4269 4266 4264 4261 4258 4253 4246 4238 4230 4223 4218 4214 4213
3196 3214 3231 3247 3264 3281 3299 3316 3333 3349 3366 3385 3405 3425 3444 3461 3478 3498 3523 3550 3578 3604 3625 3645 3664 3683 3701 3720 3739 3759 3781 3803 3825 3845 3865 3884 3903 3925 3946 3966 3985 4002 4021 4042 4063 4082 4099 4114 4128 4141 4152 4163 4174 4184 4193 4203 4212 4221 4231 4241 4253 4266 4279 4291 4301 4308 4312 4312 4310 4305 4300 4294 4292 4290 4287 4284 4282 4278 4273 4266 4258 4250 4240 4232 4227 4224
3198 3217 3235 3252 3270 3287 3305 3323 3340 3357 3375 3394 3415 3436 3455 3472 3488 3509 3533 3559 3586 3611 3633 3655 3675 3694 3712 3731 3749 3768 3789 3810 3832 3854 3874 3892 3910 3930 3950 3969 3987 4004 4023 4045 4067 4087 4105 4120 4134 4146 4156 4165 4175 4184 4193 4202 4211 4220 4230 4242 4254 4268 4281 4295 4307 4316 4322 4324 4324 4322 4318 4315 4313 4310 4306 4303 4301 4297 4291 4284 4277 4268 4257 4248 4242 4239
3198 3216 3236 3255 3274 3292 3310 3329 3347 3365 3385 3405 3426 3447 3466 3484 3500 3521 3544 3568 3593 3618 3641 3662 3683 3703 3721 3739 3758 3779 3800 3823 3844 3864 3884 3902 3920 3940 3959 3977 3995 4012 4031 4051 4072 4091 4110 4125 4139 4150 4160 4168 4178 4188 4196 4205 4213 4223 4232 4243 4255 4270 4283 4298 4311 4320 4328 4333 4336 4336 4335 4332 4329 4325 4322 4321 4320 4315 4309 4301 4294 4284 4273 4265 4259 4254
3201 3217 3238 3258 3278 3297 3316 3335 3354 3374 3394 3415 3436 3456 3476 3495 3513 3534 3556 3579 3603 3627 3649 3671 3691 3710 3727 3745 3765 3788 3812 3837 3858 3877 3895 3913 3931 3949 3967 3985 4002 4019 4037 4056 4076 4095 4113 4129 4143 4155 4164 4173 4183 4192 4201 4209 4218 4227 4236 4246 4259 4273 4287 4301 4314 4325 4334 4341 4347 4350 4350 4348 4345 4342 4339 4339 4340 4334 4327 4319 4311 4301 4289 4280 4273 4267
3209 3223 3243 3263 3284 3304 3324 3343 3363 3383 3404 3424 3444 3465 3485 3505 3525 3546 3568 3591 3614 3637 3659 3679 3699 3717 3733 3750 3771 3796 3823 3850 3871 3890 3908 3925 3942 3959 3976 3992 4009 4025 4043 4061 4079 4097 4116 4133 4148 4161 4171 4179 4189 4198 4207 4216 4226 4234 4243 4253 4265 4279 4292 4306 4319 4330 4340 4349 4357 4362 4364 4364 4361 4359 4357 4357 4358 4353 4346 4337 4328 4317 4305 4294 4284 4276
3223 3235 3252 3272 3292 3313 3333 3353 3373 3393 3413 3432 3453 3473 3494 3515 3537 3558 3579 3602 3625 3648 3668 3688 3707 3723 3738 3755 3776 3802 3830 3859 3881 3901 3918 3935 3951 3968 3984 4000 4015 4031 4047 4064 4081 4099 4119 4138 4154 4168 4179 4188 4196 4205 4215 4224 4234 4243 4252 4262 4274 4287 4300 4313 4325 4336 4347 4357 4367 4374 4378 4379 4378 4375 4374 4374 4375 4370 4363 4353 4342 4330 4317 4304 4292 4283
3243 3252 3267 3284 3303 3324 3344 3363 3382 3401 3421 3441 3462 3483 3503 3524 3547 3568 3589 3611 3634 3658 3678 3697 3714 3729 3743 3760 3781 3806 3835 3864 3887 3907 3925 3942 3959 3975 3991 4006 4021 4036 4051 4067 4083 4101 4121 4142 4160 4176 4188 4197 4205 4215 4224 4234 4244 4253 4263 4274 4286 4298 4310 4321 4332 4343 4354 4365 4376 4386 4392 4395 4394 4392 4389 4388 4388 4383 4375 4365 4353 4340 4325 4311 4297 4287
3271 3281 3292 3306 3322 3339 3357 3374 3392 3410 3430 3449 3471 3493 3514 3534 3555 3577 3600 3622 3645 3667 3685 3702 3717 3732 3746 3766 3788 3812 3839 3867 3889 3908 3926 3943 3960 3977 3994 4009 4024 4039 4053 4068 4084 4102 4124 4144 4163 4179 4194 4206 4216 4225 4235 4246 4257 4267 4277 4288 4299 4310 4321 4332 4342 4351 4360 4372 4385 4396 4405 4409 4405 4400 4396 4392 4390 4383 4374 4362 4349 4335 4320 4305 4293 4284
3297 3308 3318 3329 3341 3355 3370 3386 3402 3420 3438 3458 3480 3502 3524 3544 3565 3589 3612 3635 3657 3676 3693 3708 3722 3736 3752 3773 3796 3821 3847 3872 3893 3911 3928 3944 3962 3979 3996 4012 4027 4040 4054 4068 4084 4102 4123 4143 4162 4180 4196 4211 4223 4234 4246 4258 4270 4280 4291 4301 4312 4321 4331 4341 4351 4360 4368 4381 4395 4407 4415 4418 4413 4404 4396 4389 4383 4375 4365 4353 4339 4324 4310 4296 4286 4279
3323 3333 3342 3351 3361 3372 3384 3398 3413 3430 3448 3466 3489 3511 3534 3556 3578 3602 3626 3648 3668 3686 3701 3715 3728 3743 3759 3781 3806 3831 3856 3879 3898 3915 3931 3947 3964 3981 3997 4013 4028 4041 4054 4068 4083 4100 4119 4140 4160 4180 4197 4213 4227 4241 4255 4268 4280 4292 4302 4312 4322 4330 4339 4349 4358 4368 4377 4390 4404 4415 4422 4423 4415 4403 4391 4379 4370 4362 4352 4340 4325 4309 4296 4285 4277 4272
3348 3356 3364 3372 3381 3390 3399 3411 3425 3441 3458 3476 3497 3520 3544 3568 3592 3616 3640 3661 3680 3696 3709 3723 3737 3752 3769 3792 3816 3841 3865 3886 3904 3919 3935 3951 3968 3984 4000 4014 4028 4041 4054 4067 4081 4097 4114 4135 4157 4178 4196 4213 4228 4245 4261 4276 4288 4300 4310 4320 4329 4338 4346 4355 4365 4376 4387 4399 4411 4420 4424 4422 4412 4397 4381 4366 4354 4344 4335 4323 4309 4293 4281 4272 4266 4264
3373 3379 3385 3393 3400 3407 3414 3425 3437 3452 3468 3486 3506 3529 3553 3578 3603 3629 3653 3673 3691 3705 3719 3733 3748 3763 3779 3803 3827 3851 3873 3892 3908 3923 3939 3955 3972 3988 4003 4017 4030 4042 4054 4067 4080 4094 4109 4131 4153 4174 4193 4211 4229 4248 4266 4280 4292 4304 4315 4324 4334 4343 4352 4361 4372 4384 4396 4406 4415 4421 4421 4416 4403 4386 4368 4351 4337 4326 4316 4305 4292 4276 4265 4259 4256 4256
3396 3402 3408 3414 3419 3424 3430 3440 3452 3465 3479 3495 3515 3537 3561 3587 3615 3640 3663 3682 3698 3713 3727 3741 3756 3771 3789 3811 3834 3856 3876 3895 3912 3928 3943 3960 3977 3992 4006 4019 4031 4042 4054 4067 4079 4092 4107 4127 4147 4167 4187 4206 4224 4242 4259 4275 4290 4303 4315 4326 4336 4346 4356 4366 4377 4388 4398 4404 4409 4409 4405 4397 4383 4366 4349 4333 4319 4308 4297 4286 4274 4261 4254 4251 4250 4252
3419 3425 3430 3435 3438 3441 3446 3455 3466 3478 3490 3504 3524 3546 3570 3598 3627 3651 3672 3691 3706 3720 3734 3749 3763 3780 3798 3819 3840 3861 3880 3898 3916 3932 3948 3963 3980 3994 4007 4019 4031 4041 4053 4066 4078 4090 4104 4122 4141 4161 4181 4200 4218 4234 4251 4268 4286 4301 4314 4326 4337 4348 4359 4370 4380 4389 4396 4399 4398 4394 4386 4375 4360 4344 4327 4313 4300 4289 4280 4270 4260 4251 4248 4247 4248 4251
3440 3445 3451 3454 3457 3459 3462 3471 3480 3490 3502 3515 3535 3557 3582 3609 3638 3661 3682 3699 3713 3727 3741 3756 3771 3788 3807 3827 3847 3866 3885 3903 3920 3936 3952 3967 3982 3995 4008 4019 4030 4041 4052 4064 4076 4088 4100 4117 4135 4155 4174 4193 4211 4227 4243 4261 4280 4297 4312 4325 4337 4348 4360 4371 4381 4388 4392 4390 4384 4375 4364 4350 4336 4321 4306 4293 4281 4272 4264 4257 4250 4245 4244 4245 4248 4252
3459 3464 3469 3472 3474 3476 3479 3486 3494 3504 3515 3528 3548 3570 3594 3621 3649 3670 3689 3706 3720 3733 3748 3764 3780 3797 3816 3835 3853 3872 3890 3909 3926 3941 3956 3970 3984 3996 4008 4020 4030 4040 4051 4063 4074 4085 4096 4112 4129 4148 4167 4186 4204 4220 4236 4253 4274 4292 4308 4322 4334 4345 4358 4369 4379 4384 4384 4378 4368 4355 4341 4326 4312 4299 4287 4275 4265 4259 4253 4248 4244 4242 4242 4245 4249 4255
