data/dem/DEM_30_0000696000_0009672000.asc
ncols 800
nrows 800
xllcenter 696015.000000
yllcenter -327985.000000
cellsize 30.000000
nodata_value -9999
[rows 0 to 37 of 800, columns 420 to 503 of 800]
3754 3750 3746 3742 3739 3735 3728 3718 3708 3697 3688 3684 3684 3686 3688 3689 3687 3683 3684 3687 3690 3691 3688 3686 3685 3689 3700 3714 3717 3721 3729 3743 3756 3759 3761 3767 3777 3790 3794 3797 3800 3801 3803 3803 3802 3802 3802 3801 3802 3805 3810 3815 3820 3828 3836 3849 3868 3889 3906 3922 3938 3951 3960 3964 3967 3967 3964 3960 3959 3956 3954 3953 3957 3978 4002 4022 4030 4029 4027 4024 4019 4012 4006 4003
3764 3762 3763 3760 3756 3752 3747 3740 3728 3719 3712 3706 3701 3697 3697 3696 3692 3686 3685 3686 3686 3681 3674 3675 3677 3681 3682 3682 3691 3703 3714 3721 3722 3722 3723 3730 3743 3758 3762 3766 3772 3779 3785 3787 3791 3792 3790 3787 3791 3795 3798 3800 3801 3809 3822 3839 3857 3874 3888 3903 3918 3930 3941 3948 3953 3954 3951 3944 3941 3937 3933 3930 3933 3951 3973 3995 4015 4030 4031 4026 4019 4011 4003 4000
3793 3792 3791 3783 3773 3765 3761 3757 3745 3734 3725 3720 3719 3717 3715 3710 3701 3690 3686 3683 3679 3676 3671 3669 3668 3669 3669 3671 3675 3680 3685 3693 3702 3708 3714 3721 3729 3736 3744 3751 3757 3761 3763 3769 3773 3775 3776 3774 3774 3776 3780 3787 3795 3803 3814 3828 3841 3854 3868 3883 3898 3911 3922 3927 3931 3933 3931 3925 3923 3923 3924 3926 3929 3944 3967 3990 4007 4018 4021 4020 4016 4009 4000 3992
3806 3804 3801 3796 3793 3790 3785 3778 3768 3760 3753 3747 3742 3736 3731 3724 3716 3706 3698 3692 3686 3682 3677 3672 3668 3664 3662 3660 3661 3664 3669 3675 3681 3685 3689 3697 3706 3715 3722 3728 3734 3741 3748 3754 3758 3760 3760 3760 3761 3763 3767 3774 3782 3792 3803 3815 3827 3840 3855 3870 3884 3896 3904 3910 3914 3916 3915 3910 3911 3914 3919 3924 3930 3945 3964 3985 4004 4019 4024 4024 4018 4009 3997 3987
3822 3819 3815 3812 3810 3808 3803 3796 3789 3782 3775 3769 3762 3756 3750 3742 3733 3723 3714 3705 3697 3691 3686 3678 3671 3664 3658 3653 3652 3653 3656 3660 3664 3668 3673 3680 3689 3696 3703 3710 3716 3724 3732 3739 3743 3745 3747 3747 3750 3754 3758 3765 3773 3783 3793 3804 3815 3828 3843 3859 3872 3882 3889 3894 3898 3900 3900 3897 3901 3908 3915 3923 3931 3947 3965 3985 4004 4021 4026 4025 4018 4006 3993 3980
3838 3834 3830 3828 3826 3823 3819 3813 3807 3801 3794 3787 3780 3774 3767 3759 3751 3741 3732 3722 3713 3704 3697 3688 3678 3668 3660 3652 3649 3648 3649 3651 3652 3656 3661 3667 3674 3680 3687 3694 3701 3709 3718 3724 3729 3732 3734 3735 3739 3745 3751 3757 3765 3775 3785 3795 3806 3818 3833 3848 3861 3870 3876 3881 3884 3887 3889 3889 3895 3903 3912 3921 3931 3946 3965 3984 4004 4021 4027 4025 4016 4003 3988 3974
3852 3849 3846 3843 3841 3837 3833 3828 3823 3818 3811 3804 3796 3789 3782 3775 3767 3759 3750 3741 3731 3721 3711 3699 3688 3676 3666 3657 3651 3649 3647 3646 3645 3647 3651 3655 3660 3666 3673 3680 3687 3696 3704 3711 3716 3720 3723 3725 3730 3736 3744 3751 3758 3768 3778 3788 3799 3811 3825 3839 3851 3860 3866 3870 3874 3878 3881 3885 3891 3899 3909 3918 3928 3945 3963 3983 4002 4020 4025 4024 4015 4001 3984 3969
3866 3864 3861 3859 3855 3851 3847 3844 3840 3834 3827 3819 3811 3803 3796 3789 3782 3775 3767 3758 3749 3738 3725 3713 3700 3687 3676 3665 3657 3652 3648 3644 3642 3642 3643 3646 3649 3654 3660 3667 3675 3683 3691 3698 3704 3709 3714 3718 3723 3730 3737 3745 3753 3762 3772 3782 3793 3806 3820 3832 3843 3851 3857 3862 3866 3871 3877 3882 3888 3896 3904 3914 3924 3942 3961 3982 4001 4017 4023 4023 4015 4001 3982 3966
3879 3876 3874 3872 3869 3865 3862 3861 3857 3851 3843 3834 3825 3817 3809 3802 3795 3788 3781 3773 3763 3751 3739 3726 3714 3702 3690 3679 3669 3659 3651 3646 3643 3642 3642 3643 3645 3649 3652 3657 3662 3670 3678 3686 3693 3701 3709 3715 3722 3729 3736 3744 3752 3761 3770 3780 3792 3804 3818 3829 3839 3845 3851 3856 3861 3867 3873 3878 3884 3891 3899 3908 3920 3938 3960 3982 4002 4017 4023 4025 4018 4002 3980 3963
3892 3889 3887 3883 3880 3877 3876 3875 3872 3867 3860 3850 3841 3832 3823 3815 3808 3802 3795 3787 3777 3765 3753 3740 3728 3717 3706 3695 3684 3673 3661 3653 3649 3645 3643 3643 3644 3645 3647 3649 3653 3659 3667 3675 3684 3694 3703 3712 3720 3728 3735 3743 3751 3759 3768 3778 3790 3802 3815 3826 3834 3841 3845 3851 3857 3863 3869 3875 3880 3886 3894 3903 3916 3936 3958 3981 4001 4017 4024 4026 4020 4003 3979 3963
3906 3902 3899 3894 3890 3888 3888 3888 3886 3882 3876 3868 3858 3848 3838 3830 3823 3817 3810 3801 3791 3779 3768 3756 3743 3732 3723 3714 3704 3692 3679 3668 3658 3652 3647 3644 3643 3643 3643 3644 3647 3651 3658 3667 3677 3687 3697 3707 3716 3725 3733 3741 3749 3756 3765 3775 3787 3799 3811 3821 3830 3836 3841 3847 3853 3860 3866 3872 3877 3883 3890 3899 3913 3933 3955 3977 3997 4014 4022 4024 4019 4003 3980 3965
3920 3915 3911 3905 3901 3899 3899 3900 3899 3897 3893 3886 3876 3864 3854 3845 3839 3834 3825 3815 3805 3794 3783 3772 3760 3750 3741 3734 3725 3714 3700 3686 3672 3661 3653 3647 3644 3642 3642 3642 3643 3646 3651 3660 3671 3681 3691 3701 3711 3721 3729 3737 3745 3753 3761 3771 3783 3796 3806 3816 3825 3832 3838 3844 3850 3857 3863 3869 3875 3881 3888 3898 3912 3932 3954 3974 3993 4009 4018 4021 4016 4003 3984 3968
3934 3929 3923 3917 3913 3911 3912 3913 3911 3910 3908 3902 3893 3880 3870 3862 3856 3852 3842 3831 3820 3809 3799 3789 3779 3769 3761 3754 3746 3734 3721 3704 3687 3673 3660 3651 3645 3642 3641 3641 3641 3643 3646 3655 3665 3675 3685 3694 3705 3715 3724 3732 3741 3749 3758 3768 3779 3792 3801 3811 3820 3828 3835 3841 3847 3854 3861 3867 3874 3880 3888 3898 3912 3934 3955 3975 3991 4005 4014 4017 4013 4003 3988 3973
3946 3943 3939 3934 3929 3925 3924 3925 3923 3921 3918 3914 3908 3897 3887 3880 3876 3872 3862 3850 3838 3827 3819 3810 3799 3789 3780 3771 3760 3748 3734 3717 3699 3682 3666 3652 3645 3642 3641 3640 3641 3642 3644 3651 3660 3669 3679 3688 3698 3708 3718 3727 3735 3745 3754 3764 3776 3788 3798 3807 3815 3823 3831 3838 3844 3852 3860 3868 3875 3883 3892 3904 3918 3938 3960 3978 3992 4002 4010 4013 4012 4004 3992 3978
3957 3954 3951 3947 3943 3939 3937 3937 3935 3932 3928 3926 3921 3913 3905 3900 3896 3892 3882 3871 3858 3847 3838 3829 3818 3806 3795 3784 3770 3757 3742 3726 3708 3690 3671 3655 3646 3642 3640 3640 3640 3641 3643 3648 3655 3663 3673 3682 3691 3702 3712 3722 3731 3740 3750 3761 3772 3784 3794 3803 3811 3820 3828 3835 3843 3851 3859 3867 3875 3884 3894 3906 3920 3939 3959 3977 3990 3998 4005 4009 4009 4003 3994 3982
3963 3960 3958 3956 3953 3950 3949 3949 3946 3943 3940 3937 3934 3928 3923 3919 3916 3912 3904 3893 3880 3867 3856 3845 3833 3820 3806 3792 3776 3761 3746 3730 3713 3695 3676 3659 3648 3642 3640 3639 3638 3639 3641 3645 3651 3659 3668 3677 3686 3696 3706 3717 3727 3737 3747 3758 3769 3780 3790 3799 3808 3817 3827 3834 3842 3850 3858 3865 3873 3882 3892 3904 3917 3935 3953 3970 3983 3992 3998 4003 4004 4001 3994 3986
3966 3963 3960 3959 3959 3959 3958 3958 3956 3953 3951 3949 3947 3944 3941 3939 3937 3934 3927 3916 3902 3887 3872 3858 3844 3829 3813 3796 3779 3763 3747 3731 3716 3698 3680 3663 3651 3643 3639 3637 3636 3637 3639 3642 3648 3655 3663 3672 3681 3690 3701 3712 3723 3733 3744 3754 3764 3775 3785 3795 3805 3815 3826 3834 3841 3849 3856 3863 3870 3878 3888 3898 3911 3927 3944 3958 3971 3982 3990 3995 3998 3997 3993 3989
3968 3964 3961 3961 3963 3964 3965 3965 3964 3962 3960 3959 3959 3959 3959 3959 3958 3957 3951 3940 3924 3906 3887 3869 3853 3836 3818 3799 3781 3763 3747 3732 3717 3699 3682 3666 3654 3645 3639 3635 3633 3634 3636 3639 3644 3651 3659 3668 3677 3686 3696 3708 3720 3730 3740 3750 3760 3770 3781 3791 3802 3813 3825 3833 3840 3847 3853 3860 3867 3875 3883 3893 3904 3919 3933 3946 3958 3970 3979 3986 3991 3993 3993 3992
3967 3964 3961 3961 3962 3964 3967 3969 3969 3969 3969 3969 3971 3973 3975 3977 3977 3976 3970 3957 3939 3917 3895 3876 3857 3838 3819 3801 3782 3764 3747 3732 3716 3699 3684 3669 3656 3646 3639 3633 3630 3629 3632 3636 3641 3648 3656 3665 3674 3683 3694 3706 3718 3728 3737 3747 3756 3766 3777 3788 3800 3812 3823 3830 3837 3844 3850 3856 3864 3871 3879 3888 3900 3913 3926 3937 3948 3959 3967 3974 3979 3985 3990 3991
3963 3962 3960 3960 3961 3963 3966 3970 3972 3973 3975 3977 3980 3983 3986 3988 3989 3987 3980 3967 3947 3924 3901 3880 3859 3840 3820 3801 3782 3764 3747 3731 3716 3700 3685 3671 3657 3646 3638 3631 3627 3626 3628 3632 3638 3645 3653 3663 3672 3682 3693 3706 3718 3727 3736 3745 3754 3762 3774 3786 3798 3809 3819 3827 3834 3841 3848 3854 3861 3869 3877 3886 3898 3911 3922 3933 3942 3951 3958 3963 3970 3977 3984 3987
3954 3956 3956 3956 3958 3960 3964 3968 3972 3975 3979 3982 3986 3989 3992 3994 3994 3992 3985 3971 3952 3929 3905 3883 3861 3840 3820 3801 3782 3763 3746 3731 3715 3699 3684 3671 3657 3645 3637 3629 3624 3622 3623 3629 3635 3643 3652 3662 3672 3683 3694 3707 3719 3728 3737 3745 3753 3760 3771 3783 3795 3806 3815 3823 3831 3839 3846 3854 3861 3868 3877 3887 3899 3911 3922 3931 3939 3946 3951 3956 3962 3969 3976 3980
3941 3944 3947 3950 3953 3956 3960 3964 3969 3974 3979 3984 3989 3992 3994 3995 3995 3993 3985 3972 3955 3933 3909 3885 3862 3840 3820 3800 3781 3762 3745 3729 3713 3697 3683 3669 3656 3644 3635 3626 3620 3618 3619 3625 3632 3641 3650 3661 3672 3684 3696 3710 3722 3731 3739 3747 3754 3760 3770 3781 3793 3803 3812 3820 3829 3837 3845 3854 3862 3870 3879 3890 3902 3914 3923 3931 3937 3942 3947 3951 3956 3962 3968 3972
3924 3928 3933 3939 3945 3950 3954 3959 3964 3970 3976 3982 3988 3992 3994 3995 3994 3992 3984 3972 3956 3935 3911 3887 3863 3841 3819 3799 3779 3760 3742 3725 3710 3694 3680 3666 3653 3642 3632 3622 3615 3613 3614 3621 3630 3639 3649 3659 3671 3684 3697 3712 3725 3735 3743 3751 3757 3763 3771 3781 3791 3800 3808 3817 3827 3836 3846 3855 3865 3874 3884 3894 3907 3917 3925 3931 3936 3940 3944 3948 3952 3956 3961 3965
3903 3907 3912 3921 3928 3935 3940 3946 3953 3961 3968 3975 3983 3989 3992 3992 3992 3990 3981 3970 3955 3936 3914 3890 3866 3842 3819 3799 3778 3757 3736 3718 3703 3688 3674 3661 3649 3638 3628 3618 3611 3609 3611 3618 3627 3637 3646 3656 3669 3682 3697 3711 3724 3736 3746 3756 3764 3772 3781 3789 3796 3802 3807 3816 3827 3838 3850 3861 3871 3881 3890 3900 3910 3918 3926 3932 3936 3940 3943 3946 3949 3953 3957 3961
3882 3886 3892 3901 3909 3916 3923 3931 3940 3949 3957 3965 3975 3983 3986 3987 3987 3984 3977 3967 3954 3937 3917 3894 3868 3843 3819 3799 3777 3754 3731 3712 3696 3681 3667 3655 3643 3633 3623 3614 3608 3607 3609 3616 3624 3634 3644 3654 3667 3680 3694 3708 3722 3736 3748 3760 3772 3783 3793 3800 3806 3810 3813 3820 3830 3842 3854 3867 3877 3887 3896 3905 3913 3920 3926 3931 3935 3938 3941 3944 3947 3951 3955 3958
3862 3866 3872 3880 3888 3897 3905 3915 3924 3934 3943 3953 3964 3973 3977 3979 3979 3977 3970 3962 3951 3936 3918 3895 3870 3844 3820 3799 3776 3751 3726 3706 3689 3674 3660 3648 3636 3627 3618 3611 3606 3605 3607 3613 3621 3631 3641 3651 3664 3677 3690 3704 3719 3734 3749 3764 3779 3794 3806 3815 3820 3823 3825 3830 3838 3847 3859 3871 3881 3891 3901 3909 3915 3921 3926 3931 3934 3937 3939 3942 3945 3949 3952 3955
3845 3848 3853 3861 3868 3877 3887 3898 3907 3917 3927 3939 3951 3960 3966 3969 3970 3968 3962 3955 3946 3933 3917 3895 3870 3844 3820 3798 3774 3748 3723 3701 3683 3668 3653 3640 3629 3620 3613 3608 3605 3603 3604 3609 3617 3626 3637 3648 3661 3673 3686 3700 3716 3733 3750 3767 3785 3804 3819 3830 3837 3840 3841 3844 3848 3855 3864 3874 3884 3894 3904 3911 3917 3922 3926 3929 3932 3934 3937 3940 3943 3947 3950 3953
3829 3833 3837 3843 3850 3858 3868 3880 3889 3898 3909 3922 3936 3946 3954 3959 3961 3960 3954 3948 3940 3930 3916 3895 3870 3844 3819 3796 3770 3744 3718 3696 3678 3662 3647 3634 3622 3613 3608 3605 3603 3602 3602 3607 3613 3622 3633 3644 3657 3670 3683 3699 3715 3732 3750 3768 3789 3812 3831 3845 3854 3858 3858 3858 3860 3865 3871 3878 3887 3897 3906 3913 3918 3922 3925 3927 3930 3932 3935 3938 3942 3945 3948 3950
3817 3819 3823 3829 3837 3845 3854 3863 3872 3882 3893 3905 3918 3929 3940 3948 3952 3951 3946 3940 3933 3925 3914 3895 3870 3844 3818 3793 3765 3738 3713 3692 3675 3659 3643 3629 3617 3609 3605 3603 3602 3601 3602 3606 3611 3619 3629 3642 3656 3670 3685 3701 3718 3735 3752 3772 3794 3819 3839 3854 3864 3869 3869 3868 3870 3874 3879 3884 3891 3898 3905 3911 3916 3919 3922 3924 3927 3930 3933 3937 3940 3943 3946 3948
3809 3810 3811 3818 3826 3834 3841 3848 3857 3867 3878 3889 3902 3914 3926 3935 3940 3940 3936 3930 3925 3918 3910 3892 3869 3843 3817 3792 3762 3734 3710 3690 3674 3658 3642 3627 3615 3607 3604 3602 3601 3601 3602 3605 3609 3615 3625 3638 3653 3668 3684 3701 3719 3736 3754 3774 3798 3824 3844 3859 3869 3874 3875 3875 3877 3881 3885 3889 3894 3899 3904 3909 3914 3917 3919 3922 3925 3928 3932 3935 3938 3941 3943 3945
3804 3803 3803 3809 3816 3823 3830 3836 3844 3853 3864 3875 3887 3900 3912 3922 3927 3928 3925 3921 3916 3911 3903 3887 3866 3842 3817 3792 3761 3733 3709 3690 3675 3659 3643 3628 3616 3607 3604 3602 3600 3600 3601 3603 3606 3611 3621 3634 3649 3664 3681 3699 3718 3736 3755 3775 3798 3823 3844 3859 3870 3876 3878 3879 3882 3886 3889 3892 3896 3899 3903 3907 3911 3914 3917 3920 3924 3927 3931 3934 3936 3939 3941 3942
3799 3798 3797 3802 3807 3813 3819 3825 3832 3840 3850 3860 3872 3885 3897 3907 3913 3915 3913 3911 3908 3902 3894 3880 3861 3840 3817 3792 3760 3732 3709 3691 3676 3661 3646 3632 3619 3609 3605 3602 3600 3600 3600 3601 3603 3608 3616 3629 3644 3659 3676 3695 3715 3734 3753 3773 3794 3818 3840 3857 3868 3875 3879 3882 3885 3889 3891 3893 3896 3899 3902 3905 3908 3912 3916 3919 3923 3927 3930 3933 3935 3937 3938 3939
3794 3793 3793 3796 3800 3804 3809 3814 3820 3826 3834 3844 3856 3868 3881 3892 3898 3901 3901 3900 3897 3892 3884 3871 3855 3837 3816 3791 3759 3731 3707 3690 3678 3663 3649 3636 3623 3612 3607 3603 3601 3600 3600 3600 3602 3606 3613 3624 3638 3654 3671 3690 3710 3730 3749 3768 3787 3808 3832 3852 3865 3874 3879 3883 3887 3890 3892 3894 3896 3898 3900 3903 3906 3910 3915 3919 3923 3927 3929 3932 3933 3934 3935 3935
3790 3789 3789 3791 3793 3796 3799 3802 3806 3811 3818 3826 3837 3849 3861 3872 3880 3885 3887 3887 3885 3880 3872 3860 3846 3830 3811 3787 3758 3731 3707 3690 3676 3663 3650 3637 3625 3613 3608 3603 3601 3600 3600 3600 3601 3604 3610 3619 3632 3647 3664 3682 3703 3722 3741 3759 3777 3796 3820 3840 3856 3868 3877 3881 3885 3888 3890 3892 3894 3896 3899 3902 3906 3911 3915 3920 3924 3927 3930 3931 3931 3931 3931 3932
3788 3787 3786 3787 3788 3789 3790 3791 3793 3797 3801 3807 3817 3828 3839 3850 3859 3864 3866 3868 3867 3863 3857 3847 3835 3821 3803 3782 3756 3731 3709 3690 3675 3663 3650 3638 3625 3613 3608 3603 3601 3600 3600 3600 3601 3603 3607 3615 3627 3641 3656 3675 3694 3712 3731 3748 3765 3782 3804 3824 3843 3858 3870 3876 3881 3885 3887 3889 3891 3894 3898 3904 3909 3914 3918 3921 3925 3929 3930 3930 3929 3928 3927 3927
3789 3786 3784 3784 3784 3783 3782 3781 3781 3783 3785 3789 3796 3805 3815 3824 3832 3837 3839 3842 3843 3842 3838 3831 3822 3810 3795 3776 3753 3730 3709 3690 3675 3663 3650 3637 3624 3612 3606 3603 3601 3600 3600 3600 3600 3602 3605 3611 3622 3635 3650 3667 3685 3702 3719 3735 3751 3768 3788 3807 3826 3845 3860 3868 3875 3881 3884 3887 3890 3894 3900 3907 3915 3920 3923 3925 3928 3930 3930 3929 3927 3925 3923 3923
3792 3787 3784 3782 3780 3778 3775 3772 3771 3770 3771 3773 3776 3783 3790 3797 3802 3806 3809 3813 3816 3817 3817 3814 3808 3799 3786 3769 3748 3728 3708 3691 3676 3663 3650 3636 3622 3609 3604 3602 3600 3600 3600 3600 3600 3601 3604 3608 3618 3630 3644 3660 3676 3692 3708 3722 3737 3753 3772 3791 3810 3830 3848 3859 3869 3877 3882 3886 3891 3897 3905 3915 3924 3929 3931 3932 3932 3932 3930 3927 3924 3921 3918 3917
3796 3790 3785 3782 3778 3774 3770 3765 3762 3760 3759 3758 3759 3763 3766 3769 3772 3775 3780 3786 3790 3793 3796 3796 3794 3788 3778 3763 3745 3726 3709 3692 3677 3663 3649 3635 3621 3607 3603 3601 3600 3599 3600 3600 3600 3601 3602 3605 3613 3625 3639 3653 3669 3684 3698 3712 3726 3740 3758 3776 3796 3817 3836 3850 3863 3873 3880 3886 3895 3904 3915 3926 3937 3941 3941 3939 3937 3934 3931 3926 3922 3918 3914 3912
