data/dem/DEM_30_0000768000_0009792000.asc
ncols 800
nrows 800
xllcenter 768015.000000
yllcenter -207985.000000
cellsize 30.000000
nodata_value -9999
[rows 418 to 455 of 800, columns 672 to 755 of 800]
2842 2840 2840 2840 2840 2840 2840 2840 2840 2840 2840 2840 2840 2840 2840 2842 2849 2861 2875 2889 2903 2916 2929 2941 2953 2964 2978 2991 3004 3020 3038 3055 3072 3089 3108 3130 3153 3175 3194 3208 3218 3223 3227 3229 3227 3221 3213 3204 3194 3185 3178 3179 3182 3189 3200 3212 3224 3235 3244 3252 3257 3260 3261 3261 3259 3256 3250 3244 3239 3238 3240 3246 3252 3257 3260 3260 3258 3256 3254 3254 3255 3254 3250 3241
2841 2840 2840 2840 2840 2840 2840 2840 2840 2840 2840 2840 2840 2840 2840 2841 2848 2859 2872 2885 2898 2911 2924 2937 2949 2962 2976 2990 3004 3020 3038 3057 3075 3093 3113 3134 3155 3175 3190 3201 3207 3210 3212 3213 3211 3207 3199 3190 3179 3170 3162 3163 3168 3177 3190 3204 3214 3223 3232 3239 3244 3247 3248 3247 3246 3243 3237 3231 3226 3224 3226 3232 3238 3242 3245 3246 3245 3242 3240 3239 3238 3236 3232 3223
2841 2840 2840 2840 2840 2840 2840 2840 2840 2840 2840 2840 2840 2840 2840 2841 2848 2858 2869 2882 2894 2908 2921 2934 2948 2961 2975 2989 3004 3021 3039 3059 3077 3096 3115 3134 3153 3169 3181 3189 3193 3194 3194 3194 3193 3190 3184 3175 3165 3154 3146 3148 3155 3165 3179 3192 3201 3209 3217 3225 3231 3234 3235 3235 3234 3231 3224 3217 3211 3209 3210 3217 3223 3228 3231 3233 3232 3229 3226 3222 3220 3217 3212 3203
2841 2840 2840 2840 2840 2840 2840 2840 2840 2840 2840 2840 2840 2840 2840 2841 2847 2857 2868 2880 2893 2907 2921 2935 2948 2961 2975 2989 3004 3021 3040 3060 3079 3098 3115 3132 3145 3158 3167 3173 3176 3175 3174 3174 3173 3172 3167 3159 3149 3139 3130 3133 3141 3153 3166 3178 3186 3194 3202 3210 3217 3221 3223 3223 3222 3218 3211 3203 3197 3194 3195 3201 3207 3213 3217 3220 3219 3216 3211 3206 3201 3197 3191 3183
2841 2840 2840 2840 2840 2840 2840 2840 2840 2840 2840 2840 2840 2840 2840 2841 2847 2856 2868 2880 2893 2907 2921 2936 2950 2963 2976 2989 3004 3021 3040 3060 3080 3098 3113 3126 3135 3143 3150 3153 3155 3154 3152 3151 3151 3151 3148 3141 3132 3122 3112 3116 3126 3139 3152 3162 3171 3179 3187 3195 3203 3207 3210 3211 3209 3205 3198 3190 3184 3180 3180 3185 3191 3197 3202 3206 3206 3202 3196 3189 3182 3177 3171 3163
2840 2840 2840 2840 2840 2840 2839 2839 2839 2839 2840 2840 2840 2840 2840 2841 2847 2855 2867 2879 2891 2907 2923 2938 2953 2966 2977 2990 3004 3020 3040 3059 3077 3092 3105 3114 3119 3124 3129 3131 3131 3130 3129 3129 3129 3129 3127 3122 3113 3103 3096 3100 3111 3125 3138 3149 3157 3165 3172 3179 3186 3192 3195 3197 3195 3191 3184 3177 3171 3168 3168 3171 3175 3181 3186 3192 3192 3188 3181 3173 3165 3157 3150 3142
2840 2840 2840 2840 2840 2839 2839 2838 2838 2839 2839 2839 2840 2840 2840 2841 2846 2854 2865 2878 2891 2906 2923 2940 2955 2967 2978 2990 3004 3020 3039 3056 3071 3083 3093 3099 3102 3105 3107 3108 3107 3106 3106 3107 3108 3109 3107 3102 3094 3085 3080 3085 3097 3111 3124 3135 3143 3150 3157 3163 3170 3176 3180 3182 3180 3176 3168 3162 3157 3155 3154 3157 3161 3165 3171 3177 3177 3173 3167 3158 3149 3140 3131 3121
2841 2840 2840 2840 2839 2839 2837 2836 2836 2837 2838 2839 2839 2840 2840 2842 2846 2854 2864 2877 2890 2906 2923 2940 2955 2967 2978 2990 3003 3019 3037 3051 3062 3071 3078 3083 3085 3085 3085 3084 3082 3082 3083 3086 3088 3090 3088 3082 3074 3067 3063 3070 3082 3096 3109 3119 3127 3134 3140 3146 3153 3159 3164 3166 3164 3159 3152 3146 3142 3140 3140 3143 3146 3151 3156 3162 3162 3159 3153 3145 3134 3123 3113 3102
2841 2840 2840 2840 2839 2839 2836 2834 2833 2835 2837 2838 2839 2840 2840 2842 2846 2854 2865 2877 2891 2906 2923 2939 2954 2967 2978 2990 3003 3017 3033 3043 3050 3056 3062 3066 3067 3066 3063 3060 3057 3058 3061 3065 3070 3073 3070 3063 3056 3049 3046 3053 3065 3079 3092 3103 3110 3116 3122 3128 3136 3142 3147 3149 3147 3141 3135 3129 3126 3125 3126 3129 3132 3136 3141 3145 3147 3145 3140 3132 3121 3109 3096 3083
2841 2840 2840 2840 2839 2839 2835 2832 2830 2831 2835 2837 2839 2840 2841 2842 2847 2855 2866 2878 2891 2906 2923 2939 2954 2968 2979 2990 3002 3014 3027 3033 3036 3039 3043 3049 3049 3047 3043 3039 3036 3037 3041 3047 3053 3058 3053 3047 3039 3031 3027 3036 3048 3062 3074 3085 3092 3097 3103 3110 3117 3124 3129 3131 3129 3122 3116 3112 3111 3111 3113 3116 3118 3121 3124 3129 3131 3130 3126 3119 3108 3095 3080 3065
2841 2840 2840 2840 2839 2839 2836 2832 2829 2829 2831 2834 2837 2839 2840 2841 2845 2851 2860 2874 2890 2905 2922 2939 2955 2968 2979 2989 2999 3008 3016 3018 3019 3021 3024 3029 3029 3026 3023 3020 3018 3020 3024 3031 3039 3044 3040 3033 3026 3019 3015 3024 3035 3046 3057 3068 3075 3081 3085 3090 3097 3103 3109 3111 3109 3103 3098 3096 3095 3096 3099 3101 3103 3104 3107 3111 3113 3112 3109 3103 3094 3082 3067 3051
2841 2840 2840 2840 2839 2839 2837 2833 2830 2828 2829 2832 2835 2837 2839 2840 2843 2847 2855 2869 2887 2904 2921 2938 2954 2968 2977 2987 2994 3000 3003 3003 3002 3002 3004 3008 3008 3006 3004 3001 3000 3003 3008 3016 3023 3029 3025 3019 3013 3007 3004 3012 3021 3031 3041 3051 3059 3063 3065 3068 3074 3081 3087 3090 3089 3083 3079 3078 3078 3081 3084 3086 3086 3087 3089 3093 3094 3093 3089 3085 3079 3067 3053 3036
2841 2840 2840 2840 2840 2839 2838 2835 2831 2829 2828 2830 2832 2835 2837 2839 2841 2845 2852 2866 2884 2901 2919 2937 2952 2965 2974 2982 2988 2990 2990 2988 2985 2984 2984 2987 2987 2987 2985 2984 2983 2988 2993 3000 3007 3012 3010 3005 2999 2994 2992 2998 3006 3014 3024 3035 3041 3043 3043 3044 3048 3058 3065 3069 3068 3062 3058 3058 3060 3063 3068 3069 3068 3068 3069 3073 3073 3071 3069 3065 3061 3050 3036 3020
2841 2840 2840 2840 2840 2840 2839 2837 2834 2831 2829 2829 2830 2832 2835 2838 2840 2844 2851 2863 2879 2898 2916 2934 2949 2961 2968 2974 2978 2978 2976 2971 2968 2965 2964 2964 2966 2967 2967 2967 2967 2973 2979 2985 2990 2995 2993 2989 2984 2980 2978 2983 2989 2997 3007 3018 3023 3023 3021 3020 3023 3034 3043 3046 3045 3038 3035 3036 3040 3045 3051 3051 3049 3048 3049 3051 3050 3049 3047 3045 3042 3031 3018 3003
2841 2840 2840 2840 2840 2840 2839 2839 2837 2834 2831 2828 2828 2829 2832 2835 2840 2845 2851 2860 2873 2893 2912 2930 2945 2956 2961 2964 2966 2964 2959 2953 2948 2945 2942 2941 2943 2946 2948 2950 2952 2958 2964 2969 2973 2976 2975 2972 2968 2964 2962 2966 2972 2980 2990 3001 3006 3006 3002 2999 3000 3011 3019 3022 3020 3014 3012 3014 3019 3027 3033 3032 3029 3027 3027 3029 3027 3026 3024 3022 3020 3011 2999 2986
2842 2841 2840 2840 2840 2840 2839 2839 2838 2836 2833 2829 2828 2827 2829 2832 2836 2841 2847 2856 2869 2888 2907 2923 2936 2947 2950 2952 2951 2947 2941 2934 2928 2924 2921 2920 2923 2927 2931 2934 2937 2943 2949 2953 2956 2958 2956 2952 2948 2944 2943 2948 2956 2964 2974 2982 2986 2986 2984 2981 2980 2986 2990 2993 2992 2988 2988 2992 3000 3008 3015 3014 3010 3007 3005 3005 3004 3003 3001 2999 2996 2988 2980 2970
2845 2843 2841 2840 2839 2839 2839 2838 2837 2836 2833 2830 2827 2826 2827 2829 2833 2838 2844 2853 2866 2884 2901 2916 2927 2936 2938 2937 2934 2929 2922 2915 2909 2904 2901 2900 2905 2910 2915 2919 2923 2928 2934 2938 2940 2941 2938 2933 2928 2925 2924 2930 2939 2948 2956 2962 2964 2964 2961 2959 2958 2960 2962 2964 2964 2964 2965 2971 2979 2989 2996 2995 2991 2986 2982 2980 2980 2980 2978 2976 2972 2965 2959 2950
2849 2845 2842 2840 2839 2839 2838 2837 2836 2834 2832 2829 2826 2825 2825 2826 2830 2834 2840 2849 2862 2879 2895 2908 2917 2923 2924 2922 2917 2910 2902 2896 2890 2887 2885 2884 2888 2894 2899 2904 2909 2914 2919 2923 2925 2925 2921 2916 2911 2908 2907 2912 2921 2929 2936 2940 2941 2939 2937 2935 2934 2935 2936 2937 2939 2940 2943 2949 2958 2968 2975 2974 2970 2964 2958 2954 2954 2955 2955 2953 2949 2942 2936 2929
2855 2849 2844 2841 2839 2838 2836 2834 2833 2831 2829 2827 2825 2824 2824 2825 2827 2832 2838 2846 2857 2872 2886 2898 2905 2910 2909 2905 2899 2892 2883 2877 2873 2871 2870 2870 2873 2878 2884 2890 2895 2899 2904 2908 2910 2910 2906 2901 2896 2892 2891 2896 2902 2908 2913 2915 2915 2913 2910 2909 2909 2910 2911 2913 2914 2916 2920 2927 2936 2944 2951 2950 2946 2939 2933 2927 2927 2929 2931 2930 2925 2918 2912 2906
2862 2853 2847 2843 2840 2838 2835 2833 2830 2828 2826 2824 2823 2822 2822 2823 2825 2829 2835 2842 2851 2862 2874 2884 2890 2894 2893 2889 2882 2874 2866 2861 2858 2857 2856 2856 2859 2864 2869 2875 2881 2885 2890 2894 2896 2896 2892 2887 2882 2879 2877 2879 2882 2884 2886 2886 2886 2884 2883 2883 2884 2886 2887 2889 2890 2891 2896 2903 2912 2919 2925 2923 2919 2913 2907 2901 2901 2904 2906 2906 2901 2895 2889 2885
2872 2862 2854 2847 2843 2841 2838 2834 2831 2829 2826 2824 2823 2821 2821 2821 2822 2824 2828 2834 2841 2850 2859 2867 2872 2875 2875 2873 2867 2860 2854 2850 2847 2845 2845 2845 2848 2852 2856 2862 2868 2872 2876 2879 2881 2881 2878 2874 2870 2866 2864 2863 2863 2862 2862 2861 2861 2860 2860 2860 2861 2863 2864 2865 2866 2866 2870 2877 2885 2893 2899 2896 2891 2886 2881 2878 2878 2880 2882 2882 2878 2873 2870 2867
2884 2872 2862 2854 2848 2844 2841 2837 2833 2830 2827 2825 2823 2821 2820 2819 2819 2819 2822 2826 2830 2837 2844 2851 2855 2858 2859 2857 2853 2848 2844 2841 2838 2836 2835 2836 2838 2841 2844 2849 2853 2857 2861 2864 2866 2866 2864 2861 2857 2853 2850 2848 2845 2842 2841 2840 2839 2839 2839 2840 2840 2841 2841 2842 2842 2842 2846 2851 2859 2867 2872 2870 2866 2861 2858 2856 2857 2858 2860 2860 2857 2854 2852 2850
2897 2884 2873 2863 2854 2848 2844 2839 2836 2832 2829 2827 2824 2822 2820 2818 2817 2816 2816 2817 2819 2825 2831 2836 2840 2844 2845 2844 2841 2839 2836 2833 2830 2828 2827 2827 2829 2831 2833 2836 2839 2842 2846 2849 2850 2851 2850 2847 2844 2840 2836 2832 2828 2824 2821 2820 2819 2820 2820 2820 2819 2820 2820 2820 2820 2820 2822 2827 2832 2838 2842 2843 2842 2840 2838 2837 2837 2838 2839 2839 2838 2836 2835 2834
2910 2896 2884 2872 2861 2852 2847 2842 2838 2835 2831 2829 2826 2824 2821 2818 2816 2813 2811 2810 2810 2814 2818 2823 2827 2831 2833 2833 2832 2830 2828 2825 2822 2821 2819 2819 2820 2821 2822 2823 2824 2827 2830 2833 2834 2834 2834 2832 2829 2825 2820 2816 2812 2807 2803 2800 2800 2800 2800 2800 2799 2799 2799 2799 2798 2798 2799 2802 2805 2809 2812 2816 2818 2819 2819 2819 2819 2819 2819 2820 2819 2818 2818 2817
2923 2908 2894 2881 2869 2859 2851 2846 2841 2837 2834 2831 2828 2825 2823 2820 2816 2812 2809 2806 2804 2806 2808 2811 2816 2820 2823 2823 2823 2822 2820 2817 2815 2813 2812 2811 2811 2811 2811 2811 2810 2811 2814 2816 2817 2817 2816 2815 2813 2809 2803 2799 2795 2790 2785 2781 2780 2780 2780 2779 2778 2778 2778 2778 2777 2775 2776 2777 2779 2781 2784 2790 2795 2799 2800 2800 2800 2800 2800 2800 2800 2799 2799 2798
2934 2919 2904 2891 2879 2868 2860 2853 2847 2841 2837 2835 2832 2829 2826 2822 2818 2814 2810 2806 2803 2803 2804 2806 2808 2811 2813 2815 2815 2814 2812 2810 2808 2806 2805 2804 2803 2802 2801 2800 2798 2798 2799 2800 2800 2799 2797 2794 2791 2787 2783 2780 2777 2772 2767 2762 2761 2761 2760 2760 2758 2757 2755 2753 2752 2751 2753 2755 2757 2759 2761 2768 2774 2778 2779 2779 2779 2779 2780 2780 2780 2779 2779 2778
2945 2929 2915 2901 2888 2877 2869 2861 2854 2847 2842 2839 2836 2833 2829 2826 2821 2817 2812 2808 2804 2803 2802 2803 2804 2805 2806 2807 2807 2807 2805 2803 2801 2800 2799 2798 2797 2795 2793 2790 2787 2786 2786 2786 2784 2782 2778 2773 2768 2765 2762 2759 2756 2752 2748 2743 2742 2742 2742 2741 2740 2738 2735 2732 2731 2731 2733 2736 2738 2740 2741 2748 2753 2756 2757 2757 2757 2758 2759 2760 2760 2759 2759 2759
2955 2940 2926 2912 2899 2887 2879 2870 2862 2854 2849 2845 2841 2838 2834 2830 2825 2820 2814 2810 2806 2804 2803 2801 2801 2800 2801 2801 2801 2800 2799 2797 2795 2794 2793 2792 2790 2788 2785 2781 2777 2775 2774 2772 2769 2766 2760 2754 2749 2745 2742 2738 2735 2731 2727 2724 2724 2725 2725 2724 2722 2721 2719 2717 2716 2717 2719 2721 2723 2724 2724 2728 2731 2733 2733 2733 2735 2737 2739 2740 2740 2739 2739 2739
2967 2951 2936 2922 2909 2897 2888 2879 2870 2862 2856 2851 2847 2843 2838 2834 2828 2822 2817 2812 2809 2807 2804 2802 2800 2798 2797 2796 2795 2794 2793 2791 2789 2787 2786 2786 2784 2781 2778 2774 2769 2766 2763 2760 2756 2751 2745 2738 2732 2727 2723 2719 2714 2711 2707 2706 2707 2708 2708 2708 2706 2705 2705 2705 2705 2706 2707 2708 2709 2709 2708 2709 2711 2712 2712 2712 2714 2717 2719 2720 2720 2719 2719 2719
2978 2962 2946 2932 2919 2907 2897 2887 2878 2870 2863 2858 2853 2848 2843 2837 2831 2825 2820 2815 2812 2810 2808 2804 2801 2797 2794 2792 2790 2788 2787 2784 2782 2780 2779 2779 2778 2775 2772 2767 2763 2759 2755 2750 2745 2738 2731 2724 2717 2712 2707 2702 2697 2693 2690 2688 2690 2692 2692 2692 2691 2691 2692 2693 2694 2694 2695 2695 2695 2694 2692 2692 2692 2693 2693 2694 2696 2698 2699 2700 2700 2699 2699 2699
2993 2975 2959 2944 2930 2917 2907 2896 2886 2878 2871 2866 2859 2853 2846 2840 2834 2829 2824 2820 2817 2814 2811 2808 2804 2799 2795 2792 2788 2785 2782 2779 2776 2774 2773 2773 2772 2769 2766 2763 2758 2753 2748 2743 2737 2730 2722 2713 2705 2698 2693 2688 2683 2678 2674 2671 2670 2670 2671 2673 2675 2678 2681 2683 2684 2682 2682 2682 2682 2681 2679 2679 2679 2679 2680 2680 2680 2681 2681 2682 2683 2682 2681 2680
3009 2989 2972 2956 2942 2928 2918 2907 2896 2887 2879 2872 2865 2857 2850 2844 2839 2833 2828 2824 2822 2819 2816 2812 2807 2803 2798 2793 2789 2784 2780 2776 2772 2770 2768 2768 2766 2764 2761 2758 2754 2748 2742 2736 2730 2722 2713 2704 2695 2687 2682 2676 2671 2665 2660 2656 2655 2654 2654 2657 2661 2666 2669 2672 2672 2670 2669 2670 2670 2669 2667 2667 2667 2667 2667 2667 2666 2666 2666 2667 2668 2666 2664 2663
3025 3006 2988 2971 2956 2942 2930 2918 2907 2897 2888 2879 2870 2862 2855 2850 2844 2839 2835 2831 2828 2824 2821 2817 2812 2807 2802 2797 2791 2785 2780 2774 2770 2767 2765 2764 2762 2760 2757 2753 2749 2743 2737 2731 2723 2715 2706 2696 2686 2678 2672 2666 2660 2655 2651 2648 2646 2644 2645 2647 2652 2655 2659 2660 2660 2659 2658 2658 2658 2657 2656 2656 2656 2656 2655 2655 2655 2654 2653 2654 2654 2652 2650 2649
3044 3025 3006 2988 2972 2958 2945 2931 2919 2907 2896 2885 2875 2868 2862 2858 2853 2847 2842 2838 2834 2831 2827 2823 2818 2813 2808 2802 2796 2789 2782 2776 2770 2766 2764 2762 2760 2757 2753 2749 2744 2738 2732 2725 2718 2709 2699 2689 2680 2671 2663 2657 2652 2648 2645 2644 2642 2641 2642 2644 2646 2648 2649 2650 2649 2649 2649 2649 2648 2648 2648 2648 2648 2647 2646 2645 2645 2645 2644 2643 2643 2641 2640 2639
3064 3045 3026 3008 2991 2975 2960 2945 2931 2917 2903 2891 2881 2875 2871 2869 2863 2857 2851 2846 2842 2838 2833 2829 2824 2819 2814 2808 2801 2794 2786 2779 2773 2768 2765 2762 2758 2754 2750 2745 2740 2734 2728 2721 2713 2704 2693 2684 2674 2665 2656 2650 2646 2644 2642 2641 2641 2641 2642 2643 2644 2644 2643 2642 2642 2642 2643 2643 2642 2641 2642 2643 2642 2640 2639 2638 2638 2638 2636 2635 2634 2633 2632 2631
3082 3064 3045 3027 3010 2994 2977 2961 2945 2930 2915 2903 2893 2887 2884 2882 2876 2870 2865 2859 2853 2847 2842 2837 2832 2828 2822 2815 2808 2801 2793 2786 2779 2773 2769 2765 2760 2755 2749 2744 2738 2731 2724 2716 2708 2698 2689 2681 2673 2665 2657 2652 2649 2646 2645 2645 2644 2644 2644 2643 2643 2642 2642 2641 2641 2641 2641 2641 2641 2640 2641 2641 2641 2639 2637 2636 2635 2633 2632 2631 2630 2628 2627 2625
3100 3082 3064 3046 3029 3012 2995 2978 2962 2945 2930 2918 2909 2903 2900 2898 2892 2886 2880 2874 2866 2859 2852 2846 2841 2837 2831 2824 2816 2809 2801 2793 2785 2779 2774 2769 2763 2757 2751 2745 2739 2731 2724 2715 2706 2696 2688 2682 2676 2670 2664 2659 2655 2652 2651 2650 2650 2648 2646 2644 2643 2642 2641 2640 2640 2640 2640 2640 2640 2640 2640 2640 2640 2639 2637 2635 2633 2631 2629 2627 2626 2624 2623 2620
3118 3101 3083 3065 3048 3031 3013 2996 2979 2963 2947 2935 2927 2922 2919 2917 2911 2904 2898 2890 2882 2874 2866 2859 2853 2847 2841 2834 2826 2818 2809 2801 2793 2786 2780 2774 2768 2762 2755 2749 2742 2735 2727 2718 2709 2699 2692 2687 2683 2679 2675 2670 2665 2661 2658 2657 2656 2654 2650 2647 2644 2643 2642 2641 2641 2641 2641 2641 2640 2640 2640 2640 2640 2639 2638 2636 2633 2630 2628 2625 2624 2622 2620 2617
