data/dem/DEM_30_0000768000_0009840000.asc
ncols 800
nrows 800
xllcenter 768015.000000
yllcenter -159985.000000
cellsize 30.000000
nodata_value -9999
[rows 380 to 417 of 800, columns 168 to 251 of 800]
2651 2652 2653 2654 2655 2655 2655 2655 2654 2653 2652 2650 2649 2648 2648 2648 2647 2647 2647 2646 2645 2644 2643 2642 2640 2638 2636 2634 2632 2631 2629 2627 2625 2624 2622 2620 2619 2617 2616 2614 2613 2612 2611 2610 2610 2609 2609 2608 2608 2608 2607 2607 2606 2606 2605 2605 2604 2604 2603 2602 2602 2602 2602 2602 2602 2602 2602 2601 2600 2599 2596 2591 2584 2576 2566 2555 2543 2530 2517 2505 2494 2483 2472 2461
2654 2655 2656 2657 2658 2658 2658 2657 2657 2655 2654 2653 2651 2651 2650 2650 2650 2649 2649 2648 2647 2646 2644 2643 2641 2639 2637 2635 2633 2631 2630 2628 2626 2625 2623 2621 2620 2618 2617 2616 2615 2613 2612 2612 2611 2610 2610 2609 2609 2609 2608 2608 2607 2607 2606 2606 2605 2605 2604 2604 2603 2603 2603 2603 2603 2603 2603 2602 2601 2600 2596 2591 2584 2575 2565 2554 2542 2528 2515 2502 2489 2477 2465 2453
2657 2658 2658 2659 2660 2660 2660 2660 2659 2657 2656 2655 2654 2653 2653 2652 2652 2652 2651 2650 2649 2647 2646 2644 2642 2640 2638 2636 2634 2632 2631 2629 2627 2626 2624 2623 2621 2620 2618 2617 2616 2615 2614 2613 2612 2611 2611 2611 2610 2610 2609 2609 2608 2608 2607 2607 2606 2606 2605 2605 2604 2604 2604 2604 2604 2603 2603 2602 2601 2600 2597 2591 2583 2573 2562 2551 2539 2525 2511 2497 2482 2468 2455 2443
2661 2661 2661 2662 2662 2663 2663 2662 2661 2660 2659 2658 2657 2656 2655 2655 2654 2654 2653 2652 2650 2648 2646 2644 2642 2641 2639 2637 2635 2633 2631 2630 2628 2627 2625 2624 2622 2621 2619 2618 2617 2616 2615 2614 2613 2613 2612 2612 2611 2611 2611 2610 2609 2609 2608 2608 2607 2606 2606 2605 2605 2605 2605 2604 2604 2603 2603 2602 2600 2598 2593 2587 2578 2567 2554 2543 2531 2518 2504 2488 2472 2457 2442 2429
2664 2664 2664 2665 2665 2665 2665 2664 2663 2662 2661 2660 2659 2658 2658 2657 2657 2656 2655 2653 2651 2649 2647 2645 2643 2641 2639 2638 2636 2634 2632 2631 2629 2628 2626 2624 2623 2622 2620 2619 2618 2617 2616 2615 2614 2614 2613 2613 2613 2612 2612 2611 2610 2610 2609 2609 2608 2607 2607 2606 2606 2605 2605 2604 2604 2603 2602 2601 2598 2595 2588 2580 2570 2558 2545 2532 2520 2507 2492 2476 2460 2444 2428 2414
2667 2667 2667 2668 2668 2668 2668 2667 2666 2665 2664 2663 2662 2661 2660 2659 2659 2658 2656 2655 2653 2650 2648 2646 2644 2642 2640 2639 2637 2635 2633 2632 2630 2628 2627 2625 2624 2623 2621 2620 2619 2618 2617 2616 2616 2615 2615 2614 2614 2613 2612 2612 2611 2610 2610 2609 2608 2607 2607 2606 2606 2605 2605 2604 2603 2602 2601 2599 2596 2591 2582 2571 2560 2547 2533 2519 2505 2492 2477 2462 2445 2429 2414 2400
2670 2670 2670 2671 2671 2671 2670 2670 2669 2668 2666 2665 2664 2663 2662 2661 2660 2659 2658 2656 2654 2652 2650 2647 2645 2643 2641 2639 2637 2636 2634 2632 2631 2629 2628 2626 2625 2624 2622 2621 2620 2619 2618 2618 2617 2616 2616 2615 2614 2614 2613 2612 2611 2611 2610 2609 2608 2607 2607 2606 2606 2605 2605 2604 2603 2602 2600 2597 2593 2587 2575 2562 2549 2535 2521 2504 2489 2474 2459 2445 2430 2414 2399 2386
2674 2673 2673 2674 2674 2674 2673 2672 2671 2670 2669 2667 2666 2665 2664 2663 2662 2661 2659 2657 2655 2653 2651 2648 2646 2644 2642 2640 2638 2636 2635 2633 2632 2630 2629 2627 2626 2624 2623 2622 2621 2620 2620 2619 2618 2617 2617 2616 2615 2614 2613 2612 2611 2610 2609 2609 2608 2607 2606 2605 2605 2605 2604 2603 2602 2601 2598 2595 2590 2581 2567 2553 2538 2522 2506 2489 2471 2455 2441 2428 2414 2400 2386 2373
2677 2677 2677 2677 2677 2676 2676 2675 2674 2672 2671 2670 2669 2668 2666 2665 2664 2662 2660 2658 2656 2654 2652 2649 2647 2645 2643 2640 2639 2637 2635 2634 2632 2631 2629 2628 2626 2625 2624 2623 2622 2621 2621 2620 2619 2618 2617 2616 2615 2614 2613 2612 2611 2610 2609 2608 2607 2606 2605 2605 2604 2604 2603 2602 2601 2599 2597 2593 2585 2573 2558 2543 2526 2508 2489 2472 2456 2441 2427 2413 2400 2387 2375 2364
2680 2680 2680 2680 2679 2679 2678 2677 2676 2675 2673 2672 2671 2670 2669 2667 2665 2663 2661 2659 2657 2655 2653 2650 2648 2646 2643 2641 2639 2638 2636 2634 2633 2631 2630 2628 2627 2626 2625 2624 2623 2622 2622 2621 2620 2619 2618 2616 2615 2614 2613 2612 2611 2610 2608 2607 2606 2605 2604 2604 2603 2603 2602 2601 2599 2597 2594 2588 2578 2565 2548 2531 2513 2493 2473 2456 2442 2429 2415 2401 2388 2376 2366 2356
2683 2683 2683 2683 2682 2682 2681 2680 2678 2677 2675 2674 2673 2672 2670 2669 2667 2665 2663 2661 2658 2656 2653 2651 2649 2646 2644 2642 2640 2638 2636 2635 2633 2632 2630 2629 2628 2627 2626 2625 2624 2623 2622 2621 2620 2619 2618 2617 2615 2614 2613 2612 2611 2609 2608 2607 2605 2604 2603 2602 2602 2601 2601 2599 2597 2593 2588 2581 2570 2555 2537 2518 2499 2478 2458 2442 2429 2417 2404 2392 2379 2368 2359 2350
2687 2686 2686 2686 2685 2684 2683 2682 2681 2679 2678 2676 2675 2674 2672 2670 2668 2666 2664 2662 2659 2657 2654 2652 2649 2647 2644 2642 2640 2638 2637 2635 2633 2632 2631 2630 2629 2628 2627 2626 2625 2624 2623 2622 2620 2619 2618 2617 2615 2614 2613 2611 2610 2609 2607 2606 2605 2603 2602 2601 2600 2600 2599 2597 2594 2589 2582 2573 2561 2546 2526 2505 2485 2464 2445 2430 2418 2406 2395 2384 2372 2362 2353 2344
2690 2690 2690 2689 2689 2687 2686 2685 2683 2681 2680 2679 2677 2676 2674 2671 2669 2667 2665 2662 2660 2657 2655 2652 2650 2647 2645 2642 2640 2638 2637 2635 2634 2632 2631 2630 2630 2629 2628 2627 2626 2625 2623 2622 2621 2619 2618 2617 2615 2614 2613 2611 2610 2608 2607 2605 2604 2603 2601 2600 2599 2598 2596 2594 2590 2584 2575 2565 2553 2538 2516 2494 2472 2452 2434 2420 2408 2398 2388 2377 2366 2356 2347 2338
2693 2693 2693 2693 2692 2690 2689 2687 2685 2684 2682 2681 2679 2677 2675 2673 2670 2668 2665 2663 2660 2658 2655 2653 2650 2648 2645 2643 2640 2638 2637 2636 2634 2633 2632 2632 2631 2630 2629 2628 2626 2625 2624 2622 2621 2620 2618 2617 2615 2614 2612 2611 2609 2608 2606 2605 2603 2602 2600 2598 2596 2594 2592 2589 2585 2579 2571 2561 2549 2534 2511 2488 2466 2446 2427 2414 2402 2391 2381 2371 2361 2352 2342 2333
2696 2697 2696 2696 2695 2693 2692 2690 2688 2687 2685 2683 2681 2679 2677 2674 2671 2669 2666 2664 2661 2658 2656 2653 2651 2649 2646 2643 2641 2639 2637 2636 2635 2634 2633 2633 2632 2631 2630 2628 2627 2626 2624 2623 2621 2620 2619 2617 2615 2614 2612 2611 2609 2607 2606 2604 2603 2601 2599 2597 2594 2591 2588 2584 2580 2574 2566 2557 2544 2530 2507 2484 2461 2441 2423 2409 2396 2385 2375 2366 2357 2348 2339 2330
2700 2700 2700 2699 2698 2696 2695 2693 2691 2689 2687 2684 2682 2680 2677 2675 2672 2669 2667 2664 2662 2659 2657 2654 2652 2650 2647 2645 2642 2640 2639 2637 2636 2635 2634 2633 2632 2631 2630 2629 2627 2626 2625 2623 2622 2620 2619 2617 2616 2614 2612 2610 2609 2607 2606 2604 2603 2601 2599 2596 2592 2588 2584 2580 2576 2570 2562 2553 2540 2525 2503 2480 2457 2438 2420 2405 2391 2379 2369 2361 2352 2344 2335 2327
2703 2703 2703 2702 2701 2699 2698 2696 2694 2692 2689 2686 2683 2680 2677 2675 2673 2670 2668 2665 2663 2660 2658 2656 2654 2651 2649 2646 2644 2641 2640 2639 2638 2636 2635 2634 2633 2632 2631 2629 2628 2626 2625 2624 2622 2621 2619 2617 2616 2614 2612 2610 2609 2607 2606 2605 2603 2601 2599 2595 2591 2587 2582 2577 2572 2565 2558 2548 2535 2520 2499 2476 2454 2435 2418 2402 2388 2375 2365 2357 2348 2339 2331 2324
2706 2706 2706 2706 2704 2703 2701 2699 2697 2694 2691 2687 2684 2680 2678 2675 2673 2671 2669 2666 2664 2662 2660 2658 2656 2653 2651 2648 2646 2643 2642 2640 2639 2638 2636 2635 2634 2632 2631 2630 2628 2627 2625 2624 2622 2621 2619 2618 2616 2614 2612 2611 2609 2608 2606 2605 2603 2602 2599 2596 2591 2586 2581 2575 2569 2562 2553 2543 2530 2516 2496 2474 2452 2433 2416 2400 2385 2372 2362 2353 2344 2335 2327 2321
2709 2709 2709 2709 2708 2706 2704 2701 2699 2695 2692 2688 2684 2681 2679 2677 2674 2672 2670 2668 2666 2664 2662 2660 2658 2656 2653 2651 2648 2646 2644 2643 2641 2639 2638 2636 2634 2633 2631 2630 2628 2627 2625 2624 2622 2621 2619 2617 2616 2614 2612 2611 2610 2608 2607 2605 2604 2602 2600 2598 2593 2588 2583 2576 2569 2560 2550 2539 2526 2513 2494 2472 2450 2431 2415 2400 2386 2373 2363 2353 2343 2334 2325 2319
2712 2713 2713 2712 2711 2709 2706 2703 2700 2697 2693 2689 2686 2683 2681 2678 2676 2674 2672 2670 2668 2667 2665 2663 2661 2658 2656 2654 2651 2649 2647 2645 2643 2641 2639 2637 2635 2633 2632 2630 2628 2627 2625 2624 2622 2621 2619 2617 2616 2614 2613 2612 2610 2609 2607 2606 2605 2603 2601 2599 2596 2591 2585 2578 2569 2560 2549 2538 2525 2512 2493 2471 2448 2429 2415 2401 2387 2374 2363 2353 2343 2332 2324 2318
2716 2716 2716 2715 2714 2712 2709 2705 2702 2698 2695 2692 2688 2686 2683 2681 2678 2676 2674 2672 2671 2669 2668 2666 2664 2661 2659 2657 2654 2652 2649 2647 2644 2642 2640 2637 2635 2633 2632 2630 2628 2626 2625 2623 2622 2620 2619 2617 2616 2615 2614 2612 2611 2610 2608 2607 2605 2604 2602 2601 2597 2593 2587 2580 2571 2562 2551 2540 2527 2513 2494 2471 2448 2430 2416 2403 2388 2374 2362 2351 2340 2331 2322 2316
2719 2719 2719 2718 2717 2714 2711 2707 2704 2700 2697 2694 2692 2689 2686 2683 2681 2679 2677 2675 2674 2672 2671 2669 2666 2664 2662 2659 2657 2654 2652 2649 2646 2643 2640 2638 2636 2633 2631 2630 2628 2626 2624 2623 2621 2620 2618 2617 2616 2615 2614 2613 2612 2610 2609 2607 2606 2605 2603 2601 2598 2594 2589 2582 2574 2565 2555 2543 2530 2515 2495 2472 2450 2432 2420 2405 2389 2374 2360 2349 2338 2328 2321 2315
2723 2723 2723 2721 2719 2716 2713 2709 2706 2703 2700 2698 2695 2692 2689 2686 2684 2682 2680 2678 2677 2675 2674 2672 2669 2667 2665 2662 2659 2657 2654 2651 2647 2644 2641 2638 2636 2633 2631 2629 2627 2626 2624 2622 2621 2619 2618 2617 2616 2615 2614 2613 2612 2611 2609 2608 2607 2605 2604 2602 2599 2596 2591 2585 2577 2568 2558 2546 2532 2516 2496 2474 2452 2436 2423 2408 2391 2374 2359 2347 2335 2326 2319 2314
2727 2727 2726 2724 2721 2718 2715 2712 2709 2707 2704 2701 2698 2695 2693 2690 2687 2685 2683 2681 2680 2678 2677 2674 2672 2670 2667 2664 2661 2658 2655 2651 2648 2644 2641 2638 2635 2633 2631 2629 2627 2625 2623 2622 2620 2619 2617 2616 2615 2614 2614 2613 2612 2611 2610 2608 2607 2606 2604 2603 2600 2598 2594 2588 2581 2572 2562 2550 2535 2518 2498 2477 2457 2439 2425 2410 2393 2376 2361 2347 2335 2325 2318 2313
2731 2730 2729 2727 2724 2721 2718 2715 2713 2711 2708 2704 2701 2699 2696 2693 2690 2688 2686 2684 2683 2681 2679 2677 2675 2672 2669 2666 2663 2659 2656 2652 2648 2644 2641 2638 2635 2633 2631 2629 2627 2625 2623 2621 2620 2618 2617 2615 2614 2613 2613 2612 2611 2610 2609 2608 2607 2606 2605 2603 2602 2599 2596 2591 2585 2576 2566 2553 2538 2521 2501 2479 2459 2441 2426 2411 2395 2378 2362 2346 2334 2325 2318 2313
2735 2734 2733 2730 2726 2723 2721 2718 2716 2714 2711 2708 2705 2702 2699 2696 2693 2691 2689 2687 2685 2683 2681 2679 2677 2674 2671 2668 2664 2660 2656 2652 2648 2644 2641 2638 2635 2633 2631 2629 2627 2625 2623 2621 2619 2618 2616 2615 2613 2612 2611 2611 2610 2609 2609 2608 2607 2606 2605 2603 2602 2600 2597 2593 2588 2579 2569 2556 2540 2523 2503 2481 2460 2442 2427 2412 2396 2379 2362 2346 2334 2325 2319 2314
2739 2738 2736 2733 2729 2726 2724 2722 2719 2717 2714 2711 2708 2705 2702 2699 2696 2694 2692 2690 2688 2686 2684 2681 2679 2676 2672 2669 2665 2661 2657 2653 2649 2645 2641 2638 2636 2633 2631 2629 2627 2625 2623 2621 2619 2617 2616 2614 2612 2611 2610 2609 2609 2608 2608 2607 2606 2605 2604 2603 2602 2600 2597 2594 2590 2580 2570 2557 2542 2526 2505 2482 2461 2443 2427 2412 2396 2380 2362 2345 2335 2326 2320 2315
2743 2741 2739 2736 2733 2730 2727 2725 2722 2720 2717 2714 2711 2707 2704 2702 2699 2697 2695 2693 2691 2688 2686 2683 2680 2677 2673 2670 2666 2662 2657 2653 2649 2645 2642 2639 2636 2634 2631 2629 2627 2625 2623 2621 2619 2617 2615 2613 2611 2610 2609 2608 2607 2607 2606 2606 2605 2604 2603 2602 2601 2599 2597 2593 2588 2579 2569 2558 2544 2528 2507 2484 2462 2443 2427 2412 2397 2380 2363 2346 2336 2328 2322 2317
2747 2745 2742 2739 2736 2733 2730 2728 2725 2722 2719 2716 2713 2710 2707 2704 2701 2699 2696 2694 2691 2688 2686 2683 2680 2677 2673 2670 2666 2662 2658 2654 2650 2646 2643 2640 2638 2635 2633 2630 2628 2626 2623 2621 2618 2616 2614 2612 2610 2608 2607 2606 2606 2605 2605 2604 2603 2602 2601 2601 2600 2597 2594 2589 2583 2575 2566 2556 2543 2527 2507 2484 2463 2443 2427 2412 2397 2381 2365 2350 2340 2332 2325 2319
2751 2748 2745 2742 2739 2736 2733 2731 2728 2724 2722 2719 2715 2712 2709 2706 2703 2700 2697 2694 2691 2688 2685 2682 2679 2676 2673 2669 2666 2662 2658 2655 2651 2647 2644 2641 2639 2636 2634 2631 2628 2626 2623 2620 2618 2615 2613 2610 2608 2607 2606 2605 2604 2604 2603 2602 2602 2601 2599 2598 2597 2594 2590 2585 2579 2571 2563 2552 2539 2523 2503 2482 2461 2443 2427 2413 2398 2383 2368 2355 2345 2336 2329 2322
2754 2750 2747 2744 2741 2738 2736 2733 2730 2727 2724 2721 2718 2714 2711 2707 2704 2701 2697 2694 2690 2687 2684 2681 2678 2675 2672 2669 2666 2662 2659 2655 2652 2648 2645 2642 2640 2637 2635 2632 2629 2626 2623 2620 2617 2614 2611 2609 2607 2605 2604 2603 2602 2602 2601 2600 2600 2598 2597 2595 2593 2590 2586 2581 2574 2567 2558 2547 2533 2516 2498 2478 2458 2442 2427 2414 2401 2387 2374 2361 2351 2341 2333 2326
2756 2753 2749 2746 2743 2741 2738 2735 2732 2729 2726 2723 2720 2716 2713 2709 2705 2701 2697 2693 2689 2685 2682 2679 2676 2674 2671 2668 2665 2662 2659 2655 2652 2649 2646 2643 2641 2638 2635 2632 2629 2625 2622 2619 2616 2613 2610 2608 2605 2604 2603 2602 2601 2600 2599 2598 2597 2596 2594 2592 2589 2586 2582 2577 2570 2562 2553 2540 2525 2509 2491 2474 2457 2442 2429 2418 2406 2394 2381 2369 2357 2347 2338 2329
2758 2755 2751 2748 2746 2743 2740 2737 2734 2731 2728 2725 2721 2718 2714 2710 2705 2700 2696 2691 2687 2684 2680 2678 2675 2672 2670 2667 2665 2662 2659 2656 2653 2649 2646 2643 2641 2638 2635 2631 2628 2625 2622 2618 2615 2612 2609 2606 2604 2602 2601 2601 2600 2599 2597 2596 2595 2593 2591 2588 2585 2582 2578 2573 2567 2558 2547 2534 2519 2502 2487 2472 2459 2445 2433 2423 2413 2402 2391 2378 2365 2353 2343 2334
2759 2756 2753 2750 2747 2744 2741 2738 2736 2733 2730 2727 2723 2720 2716 2711 2706 2700 2695 2689 2685 2682 2678 2676 2673 2671 2669 2667 2664 2661 2658 2655 2652 2649 2646 2643 2641 2638 2634 2631 2628 2625 2622 2619 2615 2612 2609 2606 2603 2602 2601 2600 2599 2598 2597 2594 2592 2590 2588 2586 2583 2580 2576 2571 2565 2555 2543 2530 2516 2503 2490 2478 2466 2453 2440 2432 2423 2413 2401 2388 2374 2361 2350 2340
2761 2758 2755 2752 2748 2745 2742 2739 2736 2733 2731 2728 2725 2721 2717 2712 2706 2700 2694 2688 2684 2680 2677 2674 2672 2670 2668 2666 2664 2661 2659 2656 2653 2650 2647 2644 2641 2638 2635 2632 2629 2626 2623 2620 2617 2613 2609 2606 2604 2602 2601 2600 2600 2599 2597 2594 2591 2589 2586 2584 2581 2578 2574 2570 2565 2555 2543 2530 2518 2507 2496 2485 2473 2461 2448 2441 2433 2424 2412 2398 2383 2370 2358 2347
2762 2759 2756 2752 2749 2745 2742 2739 2736 2733 2730 2728 2725 2721 2717 2712 2706 2700 2693 2687 2683 2679 2676 2673 2672 2670 2668 2666 2664 2662 2659 2657 2654 2651 2648 2645 2642 2639 2636 2633 2630 2628 2625 2622 2618 2615 2611 2608 2605 2603 2602 2601 2600 2599 2597 2594 2591 2588 2586 2583 2580 2577 2574 2570 2565 2556 2546 2535 2524 2514 2503 2492 2481 2469 2458 2451 2443 2433 2421 2407 2392 2378 2365 2353
2762 2759 2756 2753 2749 2745 2741 2738 2734 2731 2729 2726 2724 2721 2717 2712 2706 2699 2693 2687 2682 2678 2676 2673 2672 2671 2669 2667 2665 2663 2661 2658 2655 2652 2649 2647 2644 2641 2638 2635 2633 2630 2627 2624 2620 2617 2614 2611 2608 2605 2604 2603 2601 2600 2598 2595 2591 2589 2586 2583 2580 2577 2574 2570 2566 2559 2551 2542 2532 2523 2512 2500 2489 2478 2468 2461 2453 2442 2429 2415 2400 2386 2372 2360
2761 2758 2755 2752 2748 2744 2740 2736 2733 2729 2727 2724 2722 2720 2717 2711 2705 2699 2692 2686 2682 2678 2676 2674 2673 2672 2671 2669 2667 2665 2662 2660 2657 2654 2651 2648 2645 2642 2640 2638 2635 2633 2630 2626 2623 2620 2617 2613 2610 2608 2606 2605 2603 2601 2599 2596 2593 2590 2587 2584 2581 2579 2575 2572 2568 2563 2557 2550 2541 2532 2521 2510 2499 2489 2480 2473 2463 2451 2438 2423 2409 2394 2380 2367
