data/dem/DEM_30_0000696000_0009672000.asc
ncols 800
nrows 800
xllcenter 696015.000000
yllcenter -327985.000000
cellsize 30.000000
nodata_value -9999
[rows 0 to 37 of 800, columns 672 to 755 of 800]
3798 3788 3778 3769 3764 3761 3757 3752 3746 3740 3735 3728 3723 3718 3711 3703 3697 3692 3688 3684 3681 3678 3673 3665 3655 3646 3643 3641 3639 3636 3631 3627 3623 3621 3619 3616 3612 3610 3610 3611 3614 3617 3619 3620 3621 3622 3626 3627 3627 3627 3627 3626 3625 3624 3622 3621 3621 3620 3619 3617 3615 3611 3606 3601 3596 3591 3585 3580 3576 3574 3573 3573 3572 3571 3569 3567 3564 3561 3558 3555 3552 3544 3535 3527
3808 3800 3792 3784 3777 3771 3765 3761 3757 3752 3746 3740 3733 3726 3720 3715 3710 3704 3699 3696 3692 3687 3682 3678 3673 3668 3665 3660 3653 3646 3641 3640 3640 3640 3640 3640 3640 3640 3640 3640 3640 3640 3640 3640 3639 3639 3639 3639 3640 3640 3640 3639 3638 3636 3633 3630 3628 3627 3626 3624 3620 3616 3611 3606 3601 3596 3590 3585 3581 3578 3577 3575 3574 3572 3569 3565 3562 3560 3557 3553 3548 3542 3536 3529
3820 3811 3804 3797 3788 3779 3772 3766 3762 3759 3758 3753 3748 3741 3732 3724 3721 3719 3716 3711 3706 3700 3693 3686 3681 3679 3679 3677 3673 3666 3661 3660 3660 3661 3662 3664 3663 3662 3660 3660 3660 3660 3659 3659 3658 3658 3660 3661 3660 3658 3656 3652 3647 3643 3640 3640 3640 3639 3636 3631 3625 3621 3617 3612 3605 3599 3593 3588 3584 3581 3579 3577 3575 3573 3570 3566 3563 3559 3555 3550 3544 3539 3533 3527
3825 3818 3811 3804 3796 3789 3784 3779 3775 3772 3769 3764 3760 3754 3748 3742 3737 3731 3726 3722 3719 3715 3710 3705 3700 3695 3692 3690 3687 3684 3681 3681 3680 3680 3680 3681 3681 3681 3680 3680 3680 3680 3681 3680 3680 3678 3679 3679 3677 3674 3672 3670 3666 3661 3655 3650 3646 3643 3640 3636 3632 3627 3622 3615 3608 3600 3595 3590 3586 3582 3580 3577 3575 3572 3569 3566 3562 3558 3553 3547 3542 3535 3529 3522
3829 3824 3818 3810 3804 3799 3795 3791 3788 3785 3782 3777 3771 3765 3760 3755 3750 3744 3739 3735 3732 3729 3726 3722 3719 3714 3711 3710 3709 3707 3705 3704 3703 3702 3702 3701 3702 3702 3702 3701 3701 3701 3702 3701 3700 3698 3697 3696 3694 3691 3688 3685 3681 3675 3668 3661 3655 3651 3647 3643 3639 3633 3626 3618 3610 3601 3596 3590 3586 3583 3580 3577 3574 3571 3568 3565 3561 3557 3552 3546 3539 3533 3526 3520
3830 3828 3824 3818 3813 3809 3806 3803 3800 3798 3796 3790 3784 3777 3771 3765 3760 3756 3752 3749 3747 3744 3742 3740 3737 3734 3732 3732 3732 3732 3730 3730 3729 3729 3728 3727 3727 3727 3726 3724 3723 3722 3722 3721 3719 3717 3716 3714 3711 3708 3704 3699 3694 3687 3679 3672 3666 3660 3655 3650 3645 3639 3631 3621 3612 3603 3596 3591 3587 3583 3579 3576 3572 3569 3565 3562 3559 3555 3549 3543 3537 3531 3524 3518
3827 3828 3828 3826 3823 3820 3817 3815 3813 3811 3809 3804 3797 3789 3782 3775 3771 3768 3765 3763 3762 3762 3761 3759 3757 3755 3755 3755 3756 3757 3758 3759 3760 3760 3759 3757 3755 3753 3751 3748 3744 3742 3741 3740 3738 3735 3733 3731 3728 3724 3719 3713 3706 3699 3691 3682 3676 3670 3664 3658 3652 3645 3636 3626 3614 3604 3598 3592 3587 3583 3579 3575 3571 3566 3562 3559 3556 3552 3546 3541 3535 3528 3522 3516
3821 3825 3828 3830 3831 3830 3828 3827 3826 3825 3823 3817 3809 3800 3792 3785 3781 3779 3778 3777 3778 3779 3780 3780 3779 3778 3778 3779 3780 3783 3786 3789 3792 3793 3792 3789 3784 3780 3776 3771 3766 3762 3760 3758 3755 3751 3749 3746 3743 3738 3732 3725 3719 3711 3702 3692 3686 3680 3673 3667 3661 3653 3643 3631 3618 3607 3600 3593 3588 3583 3579 3574 3569 3563 3559 3555 3551 3547 3542 3537 3532 3526 3520 3513
3810 3815 3821 3826 3831 3834 3835 3836 3836 3836 3836 3830 3821 3812 3803 3796 3793 3791 3791 3791 3793 3797 3799 3800 3798 3796 3795 3795 3798 3802 3807 3811 3813 3814 3814 3811 3805 3800 3794 3788 3782 3780 3778 3775 3771 3765 3762 3758 3754 3749 3743 3737 3729 3721 3712 3702 3695 3688 3682 3675 3670 3662 3651 3638 3624 3612 3604 3597 3591 3586 3581 3574 3568 3561 3555 3550 3546 3541 3536 3531 3527 3522 3516 3509
3799 3805 3813 3820 3828 3835 3839 3842 3844 3846 3847 3842 3834 3825 3816 3809 3806 3805 3806 3807 3810 3814 3817 3818 3816 3813 3811 3810 3812 3816 3821 3824 3826 3826 3825 3824 3818 3812 3805 3799 3793 3792 3790 3787 3783 3777 3774 3770 3765 3759 3753 3746 3738 3730 3721 3712 3705 3698 3691 3684 3679 3671 3660 3647 3633 3619 3610 3603 3596 3590 3584 3575 3567 3559 3553 3546 3541 3536 3531 3526 3522 3518 3512 3506
3789 3797 3805 3814 3824 3834 3841 3846 3851 3855 3857 3853 3847 3840 3832 3824 3822 3822 3823 3826 3828 3831 3834 3834 3832 3828 3826 3824 3824 3826 3828 3829 3830 3830 3829 3827 3822 3815 3809 3803 3799 3798 3796 3793 3790 3786 3784 3780 3775 3768 3761 3754 3745 3736 3727 3719 3713 3706 3700 3694 3687 3679 3669 3656 3642 3628 3619 3610 3603 3595 3587 3577 3567 3558 3550 3543 3537 3532 3527 3522 3518 3514 3509 3503
3780 3789 3798 3808 3820 3831 3840 3848 3855 3861 3865 3862 3859 3854 3848 3842 3839 3839 3841 3844 3847 3848 3849 3849 3847 3842 3838 3835 3833 3831 3829 3828 3827 3827 3825 3821 3816 3810 3805 3801 3799 3798 3797 3795 3793 3791 3791 3788 3784 3776 3767 3758 3749 3741 3732 3725 3719 3714 3708 3701 3694 3685 3675 3664 3651 3638 3628 3619 3610 3601 3591 3579 3567 3557 3549 3541 3535 3529 3524 3520 3515 3511 3506 3501
3771 3781 3792 3803 3816 3829 3839 3849 3857 3864 3869 3867 3866 3864 3862 3858 3856 3856 3858 3861 3864 3864 3863 3862 3859 3854 3848 3843 3837 3832 3826 3822 3820 3818 3814 3809 3804 3800 3796 3795 3795 3796 3796 3795 3794 3794 3793 3792 3789 3781 3770 3760 3751 3742 3735 3729 3723 3718 3713 3706 3698 3688 3679 3669 3658 3646 3637 3627 3617 3606 3594 3581 3569 3558 3548 3540 3533 3527 3522 3518 3513 3508 3504 3500
3766 3776 3788 3801 3815 3829 3838 3845 3852 3859 3865 3865 3865 3866 3866 3865 3865 3867 3869 3871 3872 3871 3869 3867 3864 3857 3849 3842 3835 3827 3819 3813 3808 3804 3799 3792 3787 3783 3780 3780 3781 3782 3783 3784 3788 3792 3789 3785 3779 3771 3762 3753 3745 3737 3730 3724 3720 3715 3709 3702 3694 3685 3676 3667 3657 3647 3638 3629 3619 3607 3596 3584 3573 3562 3552 3543 3534 3528 3523 3517 3512 3508 3504 3499
3760 3770 3784 3799 3814 3827 3834 3839 3844 3849 3855 3858 3861 3864 3867 3868 3871 3873 3874 3875 3875 3874 3872 3869 3865 3857 3847 3839 3831 3822 3812 3805 3798 3792 3785 3777 3772 3767 3764 3763 3763 3764 3765 3768 3775 3781 3778 3772 3765 3758 3750 3741 3734 3728 3722 3716 3712 3707 3702 3695 3687 3680 3671 3662 3653 3645 3636 3627 3617 3606 3595 3585 3575 3566 3556 3546 3537 3530 3524 3519 3514 3510 3505 3500
3753 3765 3779 3795 3810 3822 3826 3830 3833 3836 3841 3845 3851 3858 3864 3867 3871 3873 3874 3874 3873 3872 3870 3866 3862 3855 3845 3835 3825 3815 3806 3797 3789 3781 3773 3765 3759 3754 3750 3747 3746 3746 3746 3749 3755 3761 3758 3753 3747 3741 3734 3726 3720 3715 3710 3706 3701 3696 3690 3684 3678 3672 3664 3656 3647 3640 3631 3622 3612 3602 3592 3584 3576 3568 3559 3550 3541 3534 3528 3522 3517 3512 3507 3502
3746 3759 3774 3790 3803 3814 3817 3818 3819 3821 3824 3829 3837 3847 3855 3862 3866 3869 3870 3870 3869 3867 3864 3861 3857 3851 3841 3830 3819 3809 3800 3790 3781 3771 3763 3756 3749 3743 3738 3734 3731 3730 3729 3730 3734 3737 3734 3731 3727 3722 3716 3709 3704 3700 3696 3693 3688 3683 3678 3672 3667 3662 3656 3649 3641 3632 3624 3614 3605 3596 3587 3580 3574 3568 3561 3553 3545 3538 3532 3526 3520 3515 3509 3503
3739 3752 3767 3782 3795 3804 3805 3805 3805 3805 3806 3812 3821 3831 3842 3851 3856 3860 3862 3862 3861 3859 3856 3853 3849 3844 3836 3825 3814 3803 3794 3784 3773 3764 3756 3748 3740 3733 3727 3722 3718 3716 3714 3713 3714 3715 3712 3710 3707 3703 3697 3692 3688 3684 3681 3678 3674 3669 3665 3659 3654 3651 3646 3640 3632 3624 3615 3606 3598 3589 3581 3575 3570 3565 3561 3556 3549 3542 3535 3529 3522 3516 3510 3504
3731 3744 3758 3772 3785 3794 3792 3791 3790 3789 3790 3795 3804 3814 3826 3836 3843 3847 3849 3850 3851 3849 3846 3843 3839 3836 3828 3819 3809 3799 3790 3779 3769 3760 3752 3743 3735 3727 3720 3714 3708 3705 3702 3701 3701 3700 3697 3695 3693 3690 3686 3681 3676 3671 3667 3663 3659 3655 3651 3647 3641 3637 3631 3625 3618 3611 3603 3594 3586 3578 3571 3567 3562 3559 3555 3551 3544 3538 3531 3525 3519 3513 3508 3503
3722 3734 3748 3761 3772 3780 3777 3775 3774 3773 3774 3779 3787 3798 3809 3821 3828 3833 3836 3839 3840 3839 3837 3834 3831 3827 3821 3812 3804 3795 3786 3775 3766 3757 3748 3739 3730 3722 3715 3707 3699 3695 3692 3691 3689 3687 3684 3682 3681 3678 3675 3670 3665 3660 3655 3650 3645 3641 3637 3633 3629 3623 3616 3610 3604 3599 3592 3584 3575 3568 3563 3559 3555 3551 3547 3544 3538 3531 3526 3520 3515 3510 3505 3501
3713 3724 3736 3747 3756 3762 3760 3758 3757 3757 3759 3764 3772 3782 3793 3804 3812 3818 3823 3827 3830 3830 3829 3827 3823 3819 3813 3806 3799 3791 3782 3772 3763 3754 3745 3735 3727 3718 3710 3701 3692 3687 3684 3681 3679 3676 3673 3671 3669 3667 3664 3660 3655 3650 3644 3638 3632 3627 3624 3620 3615 3609 3603 3597 3592 3588 3582 3575 3567 3561 3555 3551 3546 3543 3539 3536 3530 3525 3519 3514 3510 3505 3501 3497
3702 3713 3723 3732 3738 3742 3742 3741 3740 3741 3743 3749 3756 3765 3776 3787 3795 3803 3810 3816 3821 3823 3822 3820 3817 3812 3807 3800 3793 3785 3777 3768 3760 3751 3742 3731 3723 3715 3706 3696 3687 3681 3677 3673 3669 3666 3663 3661 3659 3657 3654 3650 3646 3641 3635 3627 3620 3615 3611 3607 3603 3597 3592 3587 3582 3579 3574 3568 3561 3555 3549 3543 3539 3535 3531 3528 3523 3518 3513 3508 3504 3499 3496 3493
3692 3701 3708 3715 3719 3722 3722 3723 3723 3725 3728 3734 3740 3749 3758 3768 3779 3789 3799 3807 3814 3816 3817 3815 3812 3806 3800 3794 3787 3779 3771 3764 3757 3748 3739 3729 3720 3711 3702 3692 3683 3676 3670 3665 3661 3657 3653 3651 3649 3647 3645 3641 3637 3632 3625 3617 3610 3605 3601 3597 3592 3587 3582 3577 3573 3569 3566 3561 3556 3550 3543 3537 3532 3527 3524 3521 3517 3512 3507 3502 3498 3494 3491 3488
3682 3689 3694 3698 3702 3705 3706 3706 3708 3710 3715 3722 3728 3735 3743 3753 3766 3779 3791 3801 3807 3811 3812 3811 3808 3802 3794 3786 3778 3771 3764 3758 3752 3744 3736 3728 3720 3710 3701 3691 3682 3674 3667 3661 3655 3650 3646 3643 3641 3639 3637 3632 3627 3621 3615 3608 3602 3597 3592 3587 3582 3577 3573 3569 3565 3562 3558 3553 3548 3542 3535 3530 3526 3522 3518 3514 3510 3506 3502 3497 3492 3488 3485 3484
3672 3677 3681 3685 3688 3690 3692 3693 3695 3698 3703 3711 3718 3725 3732 3742 3756 3770 3783 3794 3802 3807 3809 3808 3804 3798 3789 3780 3771 3764 3758 3752 3746 3740 3733 3726 3718 3710 3700 3691 3682 3674 3666 3659 3652 3645 3641 3637 3635 3632 3629 3624 3618 3612 3606 3601 3595 3589 3584 3579 3573 3569 3565 3561 3558 3554 3549 3545 3540 3534 3528 3523 3520 3516 3512 3508 3504 3500 3496 3491 3487 3483 3480 3479
3662 3666 3670 3673 3677 3679 3681 3682 3684 3688 3694 3701 3709 3717 3725 3735 3749 3764 3777 3789 3798 3803 3806 3806 3802 3795 3785 3775 3766 3759 3753 3747 3740 3734 3729 3723 3716 3708 3700 3691 3683 3675 3667 3658 3651 3643 3638 3633 3629 3626 3623 3617 3612 3606 3600 3595 3589 3583 3577 3572 3566 3562 3557 3553 3550 3546 3541 3536 3531 3526 3521 3517 3513 3510 3506 3501 3498 3494 3490 3485 3481 3477 3474 3474
3651 3655 3659 3663 3667 3670 3672 3674 3676 3680 3686 3693 3701 3710 3720 3731 3745 3759 3773 3785 3794 3800 3803 3803 3799 3792 3782 3772 3763 3756 3749 3742 3735 3729 3724 3719 3713 3705 3698 3690 3683 3676 3668 3659 3651 3643 3636 3631 3625 3621 3617 3612 3607 3601 3596 3590 3584 3578 3572 3566 3560 3555 3551 3546 3541 3537 3532 3528 3523 3519 3514 3510 3507 3503 3499 3495 3491 3487 3483 3479 3474 3470 3468 3468
3642 3645 3649 3654 3658 3661 3664 3666 3669 3674 3680 3688 3696 3705 3716 3728 3742 3756 3769 3781 3791 3796 3800 3801 3797 3790 3780 3770 3762 3754 3746 3738 3730 3724 3719 3715 3709 3702 3695 3689 3682 3676 3668 3660 3652 3643 3636 3629 3622 3617 3612 3607 3602 3597 3591 3586 3579 3573 3567 3561 3555 3549 3544 3539 3533 3529 3525 3520 3516 3512 3508 3504 3500 3497 3493 3489 3485 3481 3476 3471 3467 3463 3461 3461
3635 3639 3642 3647 3651 3656 3659 3662 3665 3670 3676 3684 3692 3702 3713 3725 3739 3752 3766 3778 3789 3794 3798 3799 3797 3792 3781 3772 3763 3754 3746 3738 3730 3723 3717 3712 3705 3698 3692 3685 3679 3673 3666 3658 3650 3642 3634 3626 3619 3612 3607 3602 3596 3590 3585 3580 3574 3568 3563 3557 3551 3544 3538 3532 3527 3522 3518 3513 3509 3505 3501 3497 3493 3490 3486 3483 3479 3474 3469 3463 3457 3453 3451 3452
3630 3634 3638 3642 3647 3652 3656 3659 3662 3667 3673 3680 3688 3699 3710 3722 3736 3749 3762 3775 3786 3792 3797 3798 3797 3793 3784 3774 3765 3756 3748 3740 3732 3724 3718 3711 3704 3697 3690 3684 3678 3671 3664 3657 3649 3641 3633 3624 3616 3608 3601 3595 3589 3583 3577 3574 3569 3564 3558 3552 3546 3539 3532 3526 3520 3516 3511 3506 3502 3498 3494 3490 3487 3483 3480 3477 3473 3467 3461 3455 3448 3444 3442 3442
3628 3631 3635 3640 3644 3649 3654 3657 3661 3665 3670 3677 3686 3696 3708 3721 3734 3747 3760 3772 3783 3790 3795 3797 3797 3794 3786 3777 3768 3760 3752 3744 3735 3727 3720 3713 3705 3698 3690 3684 3677 3670 3663 3656 3649 3641 3632 3623 3613 3604 3596 3589 3582 3575 3570 3567 3563 3558 3553 3547 3540 3534 3527 3521 3515 3509 3504 3499 3495 3491 3487 3484 3480 3476 3473 3470 3465 3460 3454 3447 3441 3437 3434 3432
3627 3630 3634 3638 3643 3647 3652 3656 3659 3663 3667 3675 3684 3695 3708 3720 3733 3746 3758 3770 3781 3788 3793 3795 3796 3794 3787 3779 3771 3764 3756 3748 3740 3732 3724 3716 3708 3700 3692 3685 3678 3671 3664 3657 3649 3642 3633 3623 3612 3602 3593 3584 3575 3568 3562 3559 3555 3551 3546 3541 3534 3528 3522 3516 3509 3503 3498 3493 3488 3484 3480 3477 3473 3469 3466 3463 3458 3452 3447 3441 3435 3430 3426 3423
3628 3631 3635 3638 3642 3646 3651 3655 3659 3662 3666 3673 3683 3694 3707 3720 3732 3745 3757 3768 3777 3784 3790 3793 3795 3794 3788 3782 3775 3768 3761 3754 3746 3737 3729 3720 3712 3703 3695 3687 3680 3673 3666 3658 3651 3644 3635 3624 3612 3601 3590 3581 3571 3563 3556 3551 3547 3543 3539 3533 3528 3523 3517 3510 3503 3497 3491 3486 3482 3477 3473 3469 3465 3461 3458 3455 3450 3445 3440 3435 3429 3424 3419 3415
3632 3633 3635 3638 3641 3644 3649 3653 3657 3661 3666 3674 3683 3694 3706 3719 3731 3743 3754 3763 3771 3777 3782 3786 3789 3791 3787 3782 3775 3769 3762 3756 3748 3741 3733 3725 3717 3708 3700 3691 3683 3675 3668 3660 3653 3645 3635 3624 3612 3600 3590 3580 3570 3561 3552 3544 3539 3534 3530 3525 3521 3515 3509 3502 3496 3489 3484 3480 3475 3470 3466 3461 3457 3453 3450 3447 3443 3438 3432 3426 3421 3416 3411 3407
3633 3634 3636 3638 3640 3643 3647 3652 3656 3661 3666 3674 3683 3693 3705 3717 3728 3740 3750 3758 3763 3768 3772 3776 3780 3784 3782 3779 3774 3768 3761 3755 3748 3741 3734 3726 3719 3711 3702 3693 3684 3676 3669 3661 3653 3645 3635 3623 3610 3599 3589 3579 3569 3559 3549 3539 3532 3527 3522 3518 3513 3507 3501 3494 3488 3482 3478 3473 3468 3463 3458 3454 3449 3445 3442 3439 3436 3430 3424 3418 3413 3408 3404 3401
3632 3634 3635 3637 3639 3642 3646 3650 3655 3661 3667 3674 3682 3692 3703 3714 3725 3735 3744 3750 3754 3757 3761 3765 3769 3774 3774 3773 3770 3765 3759 3752 3745 3738 3731 3724 3717 3710 3701 3692 3684 3676 3668 3660 3652 3644 3633 3621 3609 3598 3588 3578 3568 3558 3548 3537 3529 3522 3517 3511 3505 3498 3492 3486 3480 3475 3471 3466 3461 3456 3451 3446 3441 3437 3434 3432 3428 3424 3418 3412 3407 3402 3398 3395
3628 3631 3633 3635 3637 3639 3643 3648 3654 3660 3667 3674 3682 3691 3701 3711 3720 3729 3737 3741 3744 3746 3750 3753 3757 3761 3764 3766 3765 3762 3757 3749 3741 3733 3726 3720 3713 3706 3698 3690 3682 3675 3667 3659 3650 3642 3631 3619 3607 3596 3586 3576 3567 3557 3547 3537 3528 3520 3513 3506 3498 3491 3485 3479 3473 3468 3463 3459 3454 3449 3444 3439 3434 3429 3426 3424 3421 3417 3412 3407 3401 3397 3393 3391
3620 3625 3628 3631 3633 3635 3639 3644 3651 3658 3666 3674 3681 3690 3699 3709 3716 3723 3728 3731 3732 3734 3737 3740 3745 3749 3754 3757 3759 3759 3755 3746 3737 3728 3721 3715 3709 3702 3694 3687 3681 3674 3666 3657 3649 3641 3630 3617 3604 3592 3582 3572 3564 3556 3547 3537 3528 3520 3511 3502 3492 3485 3478 3472 3465 3460 3455 3451 3447 3442 3438 3431 3426 3421 3418 3416 3413 3410 3406 3402 3397 3393 3389 3387
