data/dem/DEM_30_0000768000_0009840000.asc
ncols 800
nrows 800
xllcenter 768015.000000
yllcenter -159985.000000
cellsize 30.000000
nodata_value -9999
[rows 304 to 341 of 800, columns 672 to 755 of 800]
2589 2578 2567 2552 2535 2516 2498 2479 2459 2440 2421 2402 2386 2374 2368 2368 2373 2379 2386 2395 2405 2418 2431 2442 2451 2459 2463 2468 2473 2478 2481 2483 2484 2485 2487 2490 2493 2497 2502 2507 2514 2523 2533 2541 2549 2555 2560 2565 2570 2573 2577 2581 2585 2589 2595 2601 2605 2611 2617 2622 2627 2629 2629 2628 2630 2637 2648 2660 2671 2681 2689 2697 2706 2713 2718 2720 2722 2724 2729 2737 2747 2759 2770 2781
2592 2582 2570 2555 2538 2518 2498 2479 2459 2438 2416 2397 2381 2371 2366 2367 2372 2378 2385 2393 2403 2417 2430 2441 2452 2462 2468 2474 2480 2486 2491 2494 2496 2498 2500 2500 2501 2503 2505 2509 2513 2520 2527 2534 2540 2545 2550 2554 2557 2561 2564 2568 2572 2577 2582 2586 2590 2595 2600 2606 2612 2615 2616 2616 2618 2624 2635 2646 2656 2665 2673 2681 2689 2696 2701 2702 2705 2710 2717 2726 2737 2748 2758 2767
2592 2583 2571 2556 2539 2518 2498 2477 2456 2434 2410 2390 2376 2367 2364 2366 2371 2377 2384 2392 2401 2414 2426 2438 2450 2460 2467 2474 2482 2489 2497 2503 2508 2512 2514 2515 2514 2513 2513 2514 2515 2519 2524 2529 2533 2536 2539 2541 2544 2548 2552 2556 2561 2566 2570 2574 2577 2581 2586 2591 2597 2602 2606 2608 2611 2615 2623 2632 2641 2649 2658 2666 2674 2681 2685 2687 2691 2697 2704 2714 2726 2736 2744 2752
2591 2582 2570 2556 2539 2518 2495 2473 2451 2428 2404 2385 2372 2365 2363 2365 2370 2376 2382 2390 2398 2409 2422 2434 2445 2454 2462 2471 2480 2489 2498 2508 2516 2523 2529 2531 2530 2527 2524 2521 2520 2521 2523 2525 2527 2528 2529 2530 2532 2536 2539 2544 2551 2557 2561 2565 2568 2571 2575 2580 2586 2593 2599 2604 2607 2609 2614 2620 2628 2636 2644 2653 2661 2668 2672 2674 2679 2685 2692 2702 2713 2722 2730 2737
2586 2577 2567 2554 2537 2515 2490 2467 2445 2423 2400 2382 2370 2364 2362 2364 2369 2374 2380 2387 2394 2403 2414 2425 2436 2446 2453 2462 2471 2480 2490 2502 2512 2521 2529 2536 2538 2539 2538 2534 2530 2528 2526 2525 2526 2528 2529 2530 2531 2532 2534 2541 2549 2556 2561 2564 2570 2576 2582 2586 2591 2597 2604 2609 2611 2612 2615 2620 2626 2632 2639 2647 2654 2660 2663 2666 2674 2681 2690 2699 2708 2716 2724 2732
2579 2571 2561 2548 2532 2510 2485 2462 2440 2419 2397 2380 2370 2365 2363 2363 2368 2373 2378 2384 2390 2397 2405 2415 2426 2435 2443 2451 2459 2469 2480 2492 2503 2513 2523 2531 2538 2543 2546 2544 2540 2536 2532 2530 2530 2532 2533 2534 2534 2536 2538 2546 2555 2562 2568 2572 2580 2588 2595 2600 2603 2609 2615 2620 2622 2622 2625 2629 2632 2636 2640 2647 2653 2658 2661 2664 2673 2683 2692 2700 2708 2717 2725 2733
2572 2563 2553 2540 2524 2504 2480 2457 2435 2414 2393 2379 2371 2366 2364 2364 2367 2371 2375 2380 2384 2390 2396 2404 2413 2422 2430 2438 2447 2456 2466 2478 2490 2501 2511 2520 2530 2539 2546 2548 2547 2544 2541 2539 2540 2542 2542 2543 2543 2545 2549 2557 2566 2575 2582 2588 2596 2605 2612 2618 2621 2627 2632 2637 2639 2640 2642 2643 2645 2646 2648 2652 2657 2662 2666 2670 2679 2689 2698 2707 2715 2724 2733 2742
2566 2556 2545 2531 2515 2497 2474 2451 2429 2407 2387 2377 2370 2366 2364 2364 2366 2369 2372 2375 2378 2382 2386 2392 2399 2406 2415 2423 2432 2441 2450 2461 2473 2485 2495 2505 2516 2528 2538 2545 2548 2549 2549 2549 2551 2554 2556 2556 2557 2560 2564 2572 2581 2590 2599 2607 2615 2624 2631 2637 2642 2648 2653 2657 2659 2661 2662 2661 2661 2661 2661 2663 2667 2672 2677 2682 2690 2699 2708 2717 2727 2737 2747 2757
2562 2550 2537 2523 2507 2489 2466 2443 2420 2398 2379 2372 2368 2366 2364 2363 2364 2366 2367 2370 2372 2373 2376 2379 2384 2390 2399 2407 2415 2424 2433 2444 2455 2467 2478 2488 2499 2512 2525 2537 2545 2549 2552 2556 2562 2568 2572 2574 2575 2577 2581 2589 2598 2607 2616 2625 2634 2643 2651 2657 2663 2669 2674 2678 2680 2681 2682 2681 2679 2677 2677 2676 2679 2685 2692 2697 2704 2712 2721 2731 2742 2755 2767 2777
2566 2552 2537 2520 2502 2482 2459 2435 2412 2392 2375 2371 2368 2366 2365 2363 2364 2364 2365 2366 2367 2367 2368 2370 2373 2377 2384 2391 2399 2407 2416 2427 2438 2450 2461 2472 2482 2494 2506 2519 2530 2538 2546 2555 2564 2574 2581 2586 2590 2594 2599 2607 2615 2623 2632 2642 2651 2660 2668 2675 2682 2688 2694 2697 2699 2700 2700 2699 2697 2695 2693 2692 2695 2700 2706 2711 2719 2727 2737 2748 2760 2775 2790 2802
2571 2556 2539 2521 2501 2480 2457 2433 2410 2391 2377 2373 2371 2369 2366 2365 2364 2364 2364 2364 2364 2364 2364 2364 2366 2369 2374 2379 2384 2392 2400 2410 2420 2432 2444 2455 2466 2477 2489 2501 2514 2525 2537 2549 2562 2574 2585 2594 2601 2608 2615 2622 2630 2638 2647 2658 2668 2676 2684 2692 2700 2706 2711 2715 2716 2717 2717 2716 2714 2711 2708 2708 2710 2714 2719 2725 2733 2743 2754 2765 2778 2794 2809 2822
2576 2560 2544 2525 2504 2483 2460 2437 2415 2397 2385 2380 2376 2373 2369 2367 2366 2364 2363 2363 2363 2362 2362 2362 2363 2364 2367 2370 2374 2379 2385 2393 2402 2413 2425 2438 2449 2461 2474 2486 2499 2512 2526 2541 2556 2571 2585 2598 2609 2618 2626 2634 2642 2650 2660 2672 2683 2692 2700 2708 2716 2722 2727 2730 2732 2732 2732 2731 2729 2726 2723 2723 2725 2729 2734 2740 2749 2759 2770 2782 2795 2810 2825 2838
2580 2566 2549 2531 2511 2490 2468 2446 2426 2410 2399 2390 2384 2379 2374 2370 2368 2365 2364 2363 2363 2363 2362 2361 2361 2362 2364 2365 2366 2368 2372 2378 2385 2394 2406 2420 2433 2447 2461 2474 2487 2501 2516 2532 2548 2566 2583 2599 2613 2624 2634 2642 2651 2661 2672 2683 2695 2705 2714 2723 2730 2736 2741 2744 2746 2746 2747 2746 2744 2741 2738 2739 2741 2745 2750 2756 2766 2776 2787 2799 2812 2826 2839 2851
2584 2571 2557 2540 2521 2500 2480 2460 2443 2429 2417 2406 2396 2388 2381 2375 2371 2367 2365 2364 2365 2364 2363 2362 2361 2361 2362 2362 2361 2361 2362 2366 2371 2378 2389 2403 2418 2434 2450 2465 2480 2494 2508 2524 2542 2561 2581 2598 2614 2627 2638 2648 2659 2670 2681 2691 2704 2715 2726 2735 2743 2749 2754 2757 2760 2761 2762 2761 2759 2756 2753 2756 2759 2763 2769 2775 2783 2793 2804 2816 2829 2841 2853 2865
2587 2575 2563 2549 2533 2516 2497 2480 2465 2452 2441 2429 2419 2409 2399 2389 2383 2378 2375 2373 2373 2372 2370 2369 2367 2364 2362 2360 2359 2357 2355 2359 2364 2370 2380 2392 2409 2426 2443 2460 2475 2490 2505 2521 2538 2558 2577 2594 2608 2620 2632 2644 2657 2669 2680 2691 2704 2715 2726 2737 2746 2754 2761 2767 2772 2775 2776 2775 2773 2771 2769 2773 2778 2785 2793 2801 2808 2815 2823 2833 2843 2855 2866 2878
2587 2578 2568 2557 2545 2531 2514 2498 2484 2472 2461 2450 2440 2429 2418 2406 2399 2392 2388 2385 2384 2382 2380 2378 2374 2369 2363 2359 2356 2353 2350 2353 2357 2364 2372 2383 2401 2419 2437 2455 2471 2487 2502 2518 2535 2554 2572 2587 2600 2611 2623 2636 2650 2663 2676 2688 2700 2711 2722 2733 2744 2753 2762 2771 2778 2783 2785 2786 2785 2785 2785 2791 2797 2806 2815 2825 2831 2836 2842 2849 2858 2869 2879 2890
2586 2579 2572 2563 2554 2543 2529 2515 2502 2490 2479 2468 2457 2446 2434 2423 2414 2406 2400 2396 2395 2393 2390 2386 2381 2373 2365 2359 2354 2349 2346 2347 2351 2357 2365 2376 2393 2412 2431 2450 2467 2483 2499 2515 2531 2548 2565 2578 2589 2600 2612 2625 2639 2653 2667 2680 2692 2703 2713 2724 2735 2746 2757 2767 2776 2785 2789 2792 2794 2797 2800 2808 2817 2826 2836 2845 2851 2855 2860 2866 2873 2883 2892 2903
2585 2579 2574 2568 2560 2552 2541 2529 2517 2505 2494 2482 2471 2459 2448 2437 2426 2418 2411 2407 2404 2401 2397 2392 2385 2376 2366 2359 2352 2347 2343 2343 2345 2350 2358 2368 2386 2405 2425 2444 2462 2479 2495 2511 2526 2542 2555 2566 2576 2587 2599 2612 2626 2640 2655 2669 2680 2691 2701 2712 2723 2736 2748 2759 2769 2780 2788 2795 2801 2807 2814 2824 2834 2845 2854 2862 2868 2873 2877 2882 2889 2897 2905 2916
2582 2579 2575 2571 2565 2558 2550 2541 2530 2518 2507 2494 2482 2470 2458 2446 2436 2427 2420 2414 2411 2406 2401 2394 2386 2377 2368 2360 2352 2346 2341 2339 2340 2343 2351 2361 2378 2398 2419 2439 2457 2474 2490 2505 2520 2534 2544 2553 2562 2573 2586 2599 2612 2625 2639 2652 2664 2676 2686 2697 2709 2722 2735 2747 2759 2771 2783 2794 2804 2814 2826 2837 2849 2861 2870 2876 2883 2888 2894 2899 2904 2911 2919 2929
2579 2577 2574 2571 2567 2562 2556 2549 2539 2527 2514 2501 2488 2475 2463 2450 2439 2430 2422 2416 2411 2405 2399 2391 2382 2373 2367 2362 2355 2348 2340 2336 2335 2338 2345 2355 2372 2390 2411 2431 2450 2467 2481 2495 2509 2522 2530 2537 2546 2557 2571 2585 2598 2610 2622 2634 2647 2659 2670 2683 2696 2709 2722 2735 2748 2762 2775 2788 2802 2815 2828 2841 2855 2868 2879 2888 2896 2903 2909 2915 2920 2926 2934 2943
2576 2574 2572 2569 2567 2563 2560 2554 2546 2534 2519 2504 2491 2478 2465 2453 2441 2432 2423 2416 2410 2404 2396 2388 2380 2373 2370 2366 2360 2352 2342 2335 2332 2334 2340 2350 2365 2383 2402 2422 2441 2456 2470 2482 2495 2507 2514 2521 2530 2541 2556 2570 2583 2595 2607 2619 2632 2644 2656 2670 2684 2697 2711 2724 2738 2753 2768 2784 2799 2814 2829 2843 2859 2873 2886 2896 2907 2916 2924 2931 2937 2942 2949 2957
2571 2570 2568 2566 2564 2562 2560 2557 2550 2537 2521 2506 2492 2479 2467 2454 2443 2432 2423 2415 2408 2402 2395 2388 2383 2378 2376 2373 2366 2357 2344 2335 2330 2330 2335 2345 2359 2375 2393 2412 2429 2443 2456 2468 2479 2490 2497 2505 2515 2527 2540 2555 2568 2580 2592 2605 2619 2631 2644 2658 2673 2687 2701 2716 2731 2747 2763 2780 2798 2815 2830 2846 2861 2876 2890 2903 2916 2928 2938 2946 2952 2957 2963 2970
2566 2565 2563 2561 2559 2557 2557 2555 2549 2537 2521 2506 2493 2480 2468 2455 2443 2433 2422 2413 2406 2401 2396 2391 2389 2387 2386 2382 2374 2363 2348 2337 2330 2328 2331 2340 2353 2368 2384 2401 2416 2429 2441 2452 2463 2472 2481 2491 2501 2513 2526 2539 2552 2565 2578 2593 2607 2620 2633 2648 2663 2678 2693 2709 2725 2742 2760 2778 2797 2815 2833 2848 2863 2879 2893 2908 2923 2937 2950 2960 2967 2972 2977 2983
2560 2559 2557 2555 2553 2551 2552 2552 2546 2535 2520 2506 2493 2481 2469 2456 2445 2433 2422 2412 2405 2402 2399 2397 2397 2398 2396 2391 2383 2369 2353 2340 2331 2327 2329 2335 2347 2360 2374 2389 2402 2414 2425 2436 2446 2456 2467 2477 2487 2499 2511 2524 2538 2551 2566 2581 2595 2608 2623 2638 2655 2671 2687 2703 2721 2739 2757 2776 2796 2815 2834 2850 2865 2881 2896 2913 2929 2945 2959 2971 2980 2985 2991 2996
2552 2549 2547 2544 2542 2540 2541 2541 2538 2530 2519 2507 2494 2482 2470 2458 2446 2433 2421 2411 2405 2406 2406 2407 2409 2409 2405 2399 2389 2374 2357 2342 2331 2326 2326 2331 2341 2353 2365 2377 2389 2400 2411 2422 2433 2445 2455 2465 2476 2487 2499 2512 2526 2539 2554 2570 2585 2599 2614 2632 2651 2669 2687 2705 2722 2738 2756 2775 2795 2815 2835 2852 2868 2883 2900 2918 2935 2951 2966 2979 2989 2995 3000 3006
2543 2539 2536 2533 2530 2528 2529 2529 2528 2523 2516 2506 2494 2483 2471 2459 2446 2434 2423 2414 2410 2412 2415 2418 2419 2419 2413 2405 2393 2377 2359 2343 2332 2326 2325 2327 2335 2346 2357 2369 2380 2392 2403 2414 2427 2440 2450 2461 2472 2484 2496 2508 2520 2533 2548 2564 2579 2593 2609 2627 2648 2668 2688 2707 2723 2738 2756 2776 2797 2818 2838 2856 2872 2888 2905 2923 2941 2957 2973 2985 2996 3003 3010 3017
2534 2529 2525 2522 2520 2518 2518 2518 2517 2515 2510 2502 2492 2481 2471 2459 2447 2436 2427 2421 2419 2422 2425 2427 2428 2425 2418 2408 2395 2379 2361 2345 2334 2327 2324 2325 2331 2341 2352 2364 2377 2390 2403 2416 2430 2444 2455 2466 2477 2489 2501 2513 2524 2536 2549 2564 2578 2592 2608 2626 2646 2666 2687 2707 2724 2739 2758 2780 2802 2823 2844 2862 2879 2895 2912 2930 2947 2963 2978 2991 3001 3010 3018 3026
2527 2521 2516 2512 2509 2507 2507 2506 2506 2505 2502 2496 2488 2478 2468 2457 2446 2437 2431 2429 2429 2432 2434 2434 2433 2429 2421 2410 2397 2381 2364 2348 2336 2328 2324 2323 2329 2338 2350 2363 2378 2393 2408 2423 2439 2454 2466 2477 2489 2501 2514 2525 2535 2546 2559 2572 2584 2597 2611 2628 2646 2665 2686 2707 2724 2740 2762 2785 2808 2830 2851 2869 2886 2904 2920 2937 2953 2968 2983 2995 3006 3015 3025 3034
2522 2515 2509 2503 2499 2496 2495 2494 2494 2493 2493 2488 2482 2475 2465 2455 2446 2440 2436 2436 2439 2439 2439 2438 2435 2431 2423 2412 2399 2384 2367 2350 2337 2329 2325 2323 2328 2338 2351 2365 2381 2398 2416 2433 2450 2466 2479 2491 2503 2516 2529 2541 2552 2563 2574 2585 2596 2607 2620 2634 2648 2666 2687 2707 2725 2742 2767 2792 2817 2839 2859 2877 2895 2912 2928 2943 2958 2972 2986 2999 3009 3019 3029 3038
2522 2516 2509 2501 2494 2490 2488 2487 2486 2486 2486 2481 2475 2468 2460 2451 2445 2442 2440 2440 2442 2441 2440 2439 2437 2434 2427 2417 2405 2390 2372 2354 2340 2331 2326 2324 2328 2339 2353 2367 2382 2399 2418 2436 2454 2471 2486 2500 2513 2527 2542 2555 2568 2580 2592 2603 2614 2624 2635 2647 2660 2676 2694 2713 2730 2748 2773 2799 2825 2848 2867 2883 2900 2915 2930 2944 2958 2972 2986 2999 3010 3021 3030 3040
2523 2518 2512 2504 2495 2489 2487 2484 2482 2481 2480 2475 2469 2463 2456 2449 2446 2444 2444 2444 2444 2443 2442 2441 2439 2437 2431 2421 2409 2395 2378 2358 2343 2333 2327 2324 2328 2338 2352 2366 2381 2399 2417 2436 2454 2473 2490 2505 2520 2535 2550 2564 2578 2592 2605 2618 2629 2638 2649 2660 2672 2687 2703 2720 2737 2755 2779 2805 2831 2854 2872 2888 2903 2917 2931 2944 2958 2972 2986 2998 3010 3021 3031 3039
2525 2521 2516 2509 2500 2492 2488 2485 2481 2479 2476 2471 2466 2461 2455 2450 2448 2447 2447 2447 2447 2446 2445 2443 2441 2439 2433 2424 2413 2399 2383 2364 2348 2335 2328 2323 2326 2335 2348 2364 2379 2396 2414 2433 2452 2472 2491 2509 2525 2540 2556 2570 2585 2599 2613 2628 2640 2650 2661 2672 2684 2697 2712 2727 2744 2762 2785 2810 2835 2857 2875 2890 2904 2918 2931 2944 2958 2972 2985 2998 3009 3019 3029 3037
2528 2525 2520 2514 2506 2498 2492 2487 2483 2479 2475 2470 2465 2460 2456 2453 2451 2450 2450 2450 2450 2448 2447 2445 2442 2439 2434 2426 2415 2403 2388 2370 2352 2337 2327 2322 2325 2332 2345 2360 2376 2393 2410 2428 2448 2469 2491 2510 2527 2543 2559 2573 2588 2602 2618 2634 2647 2660 2671 2683 2695 2708 2721 2736 2752 2770 2792 2814 2837 2858 2876 2891 2905 2918 2931 2944 2958 2972 2985 2996 3006 3016 3025 3032
2532 2529 2524 2518 2512 2504 2497 2491 2486 2481 2476 2470 2466 2462 2458 2456 2454 2453 2453 2452 2452 2450 2447 2445 2442 2439 2434 2427 2417 2406 2393 2376 2357 2340 2328 2321 2323 2330 2341 2356 2372 2389 2406 2424 2444 2467 2489 2509 2528 2545 2561 2575 2589 2604 2620 2637 2652 2666 2679 2691 2704 2717 2731 2746 2761 2778 2798 2818 2839 2858 2876 2891 2904 2917 2930 2943 2957 2971 2983 2994 3003 3012 3019 3026
2535 2531 2526 2520 2514 2508 2501 2495 2489 2484 2478 2473 2468 2464 2461 2458 2457 2456 2455 2454 2452 2449 2446 2443 2440 2437 2432 2426 2417 2407 2395 2379 2363 2347 2332 2322 2323 2329 2339 2353 2368 2386 2404 2423 2443 2465 2487 2507 2525 2542 2559 2576 2590 2605 2620 2638 2653 2667 2680 2693 2706 2721 2736 2751 2767 2784 2802 2820 2838 2856 2874 2888 2902 2916 2928 2940 2954 2966 2978 2988 2997 3004 3009 3015
2537 2532 2526 2521 2515 2509 2503 2498 2492 2486 2480 2475 2470 2466 2463 2460 2458 2456 2455 2454 2452 2448 2444 2441 2438 2436 2431 2424 2417 2407 2395 2379 2364 2348 2334 2323 2324 2328 2337 2350 2366 2383 2402 2422 2442 2464 2484 2504 2522 2540 2558 2574 2590 2604 2620 2637 2653 2667 2680 2692 2706 2721 2737 2753 2769 2785 2802 2819 2835 2852 2868 2883 2898 2911 2924 2935 2948 2960 2970 2980 2988 2994 2999 3004
2537 2531 2526 2520 2515 2510 2504 2499 2493 2488 2482 2477 2472 2467 2463 2460 2458 2456 2454 2453 2451 2447 2443 2439 2436 2434 2429 2423 2415 2406 2395 2378 2361 2345 2332 2324 2324 2328 2337 2349 2364 2382 2401 2420 2441 2461 2481 2501 2519 2537 2555 2572 2587 2603 2619 2637 2652 2666 2679 2691 2704 2720 2735 2751 2767 2783 2799 2814 2829 2844 2860 2876 2891 2904 2917 2928 2940 2951 2961 2970 2977 2983 2987 2992
2536 2530 2525 2520 2515 2510 2505 2500 2495 2490 2484 2479 2473 2468 2463 2459 2456 2454 2452 2451 2450 2446 2442 2439 2436 2432 2427 2421 2414 2405 2394 2376 2357 2340 2329 2324 2325 2329 2337 2349 2364 2381 2400 2420 2439 2459 2479 2498 2517 2534 2551 2568 2584 2600 2618 2635 2651 2664 2677 2689 2702 2717 2731 2746 2762 2778 2792 2806 2820 2834 2850 2866 2881 2895 2908 2920 2931 2942 2952 2959 2965 2970 2974 2979
