data/dem/DEM_30_0000768000_0009792000.asc
ncols 800
nrows 800
xllcenter 768015.000000
yllcenter -207985.000000
cellsize 30.000000
nodata_value -9999
[rows 532 to 569 of 800, columns 504 to 587 of 800]
3919 3906 3894 3884 3876 3867 3857 3847 3836 3822 3807 3791 3771 3751 3733 3715 3698 3683 3670 3661 3651 3642 3634 3625 3613 3600 3585 3567 3546 3527 3511 3496 3486 3481 3480 3480 3480 3480 3480 3480 3480 3480 3480 3480 3480 3480 3480 3480 3480 3482 3486 3491 3497 3508 3523 3540 3556 3572 3587 3603 3619 3635 3652 3670 3690 3708 3725 3742 3758 3775 3789 3802 3814 3826 3834 3841 3849 3857 3864 3870 3876 3882 3889 3898
3920 3906 3893 3882 3872 3863 3853 3842 3830 3815 3799 3782 3764 3744 3726 3708 3692 3679 3668 3658 3649 3640 3630 3620 3608 3595 3579 3561 3542 3525 3509 3496 3486 3481 3480 3480 3480 3480 3480 3480 3480 3480 3480 3480 3480 3480 3480 3480 3480 3482 3485 3490 3498 3511 3527 3544 3559 3575 3590 3605 3619 3634 3649 3666 3686 3704 3722 3740 3758 3774 3789 3802 3814 3825 3833 3842 3850 3858 3867 3874 3880 3887 3896 3906
3919 3904 3890 3879 3869 3859 3849 3838 3825 3809 3792 3774 3756 3738 3720 3702 3687 3674 3664 3654 3645 3636 3625 3614 3602 3588 3573 3556 3539 3523 3508 3496 3487 3481 3480 3480 3480 3480 3480 3480 3480 3480 3480 3480 3480 3480 3480 3480 3480 3482 3485 3490 3500 3515 3532 3549 3564 3580 3594 3608 3622 3636 3650 3666 3684 3703 3721 3739 3756 3773 3787 3800 3812 3823 3833 3842 3852 3861 3869 3877 3884 3893 3902 3912
3917 3901 3887 3876 3866 3856 3845 3834 3820 3803 3786 3767 3749 3732 3714 3698 3683 3670 3660 3650 3641 3631 3620 3608 3596 3582 3567 3552 3537 3522 3508 3496 3487 3482 3481 3480 3480 3480 3480 3480 3480 3480 3480 3480 3480 3480 3480 3480 3480 3482 3485 3491 3503 3519 3537 3554 3569 3585 3599 3612 3625 3639 3653 3668 3685 3703 3720 3737 3754 3770 3785 3799 3811 3823 3834 3844 3855 3864 3873 3881 3888 3897 3906 3916
3914 3898 3885 3873 3862 3852 3841 3830 3816 3799 3781 3762 3744 3726 3709 3693 3679 3667 3655 3646 3636 3626 3614 3603 3590 3576 3562 3549 3535 3521 3508 3496 3488 3483 3481 3480 3480 3480 3480 3480 3480 3480 3480 3480 3480 3480 3480 3480 3480 3482 3485 3492 3504 3521 3540 3557 3574 3589 3604 3616 3628 3642 3657 3672 3688 3704 3720 3736 3753 3769 3784 3798 3812 3825 3836 3847 3859 3869 3877 3885 3892 3901 3910 3919
3912 3897 3883 3870 3859 3848 3837 3826 3813 3796 3778 3759 3739 3720 3704 3689 3675 3663 3651 3641 3631 3620 3609 3598 3585 3572 3560 3546 3533 3520 3507 3496 3488 3483 3481 3480 3480 3480 3480 3480 3480 3480 3480 3480 3480 3480 3480 3480 3480 3482 3486 3493 3506 3523 3541 3558 3575 3592 3607 3619 3631 3644 3659 3675 3690 3705 3721 3737 3754 3771 3786 3800 3813 3827 3839 3851 3863 3873 3882 3889 3897 3904 3913 3921
3910 3895 3881 3868 3856 3844 3833 3821 3808 3791 3773 3754 3734 3715 3699 3684 3671 3659 3647 3636 3625 3614 3604 3593 3581 3569 3558 3545 3532 3519 3506 3495 3487 3482 3481 3480 3480 3480 3480 3480 3480 3480 3480 3480 3480 3480 3480 3480 3481 3484 3489 3498 3511 3526 3543 3560 3577 3593 3608 3621 3633 3646 3660 3675 3689 3705 3720 3736 3753 3769 3785 3800 3814 3826 3837 3849 3862 3874 3884 3892 3899 3907 3915 3924
3909 3894 3880 3867 3854 3841 3829 3816 3803 3786 3767 3748 3728 3709 3694 3680 3667 3655 3644 3632 3620 3609 3599 3589 3577 3566 3555 3543 3531 3518 3505 3494 3486 3481 3480 3480 3480 3480 3480 3480 3480 3480 3480 3480 3480 3480 3480 3481 3482 3486 3493 3503 3516 3529 3545 3563 3580 3596 3610 3624 3636 3649 3662 3676 3690 3705 3720 3736 3751 3767 3783 3798 3813 3825 3836 3847 3860 3873 3884 3892 3900 3909 3918 3927
3909 3894 3879 3865 3852 3838 3825 3812 3798 3780 3761 3741 3722 3704 3690 3677 3664 3653 3641 3629 3617 3605 3595 3586 3574 3563 3553 3541 3530 3516 3503 3492 3485 3481 3480 3480 3480 3480 3480 3480 3480 3480 3480 3480 3480 3480 3480 3481 3483 3488 3496 3507 3519 3532 3548 3565 3582 3598 3613 3627 3641 3654 3667 3680 3693 3707 3721 3736 3752 3767 3783 3798 3812 3825 3836 3847 3860 3871 3882 3891 3901 3910 3920 3930
3911 3894 3879 3864 3850 3836 3822 3808 3793 3774 3755 3735 3717 3700 3687 3674 3662 3650 3640 3627 3615 3603 3593 3583 3572 3561 3551 3540 3529 3515 3502 3491 3485 3482 3481 3480 3480 3480 3480 3480 3480 3480 3480 3480 3480 3480 3480 3481 3483 3489 3498 3509 3521 3535 3550 3567 3583 3600 3616 3631 3646 3660 3673 3686 3699 3711 3724 3739 3755 3770 3785 3800 3814 3828 3839 3850 3861 3872 3881 3891 3901 3912 3922 3933
3913 3895 3878 3863 3847 3832 3818 3803 3788 3769 3749 3729 3712 3697 3684 3672 3660 3649 3638 3626 3613 3602 3591 3581 3571 3560 3549 3539 3528 3515 3501 3491 3485 3482 3481 3480 3480 3480 3480 3480 3480 3480 3480 3480 3480 3480 3480 3481 3483 3489 3498 3509 3522 3537 3553 3569 3585 3601 3618 3634 3649 3664 3678 3691 3704 3715 3728 3743 3759 3774 3788 3803 3818 3833 3844 3855 3865 3875 3883 3893 3904 3914 3925 3937
3916 3897 3879 3861 3843 3827 3811 3796 3781 3763 3743 3725 3708 3692 3680 3669 3659 3648 3638 3625 3612 3601 3590 3580 3570 3560 3549 3538 3526 3513 3500 3489 3483 3481 3480 3480 3480 3480 3480 3480 3480 3480 3480 3480 3480 3480 3481 3482 3485 3492 3501 3512 3525 3540 3556 3571 3586 3602 3619 3635 3650 3665 3679 3693 3705 3717 3729 3744 3760 3775 3789 3804 3820 3836 3849 3861 3872 3882 3891 3901 3911 3921 3932 3943
3916 3898 3879 3859 3840 3822 3805 3790 3774 3756 3738 3720 3703 3687 3676 3666 3657 3647 3636 3623 3611 3600 3589 3579 3569 3559 3549 3538 3526 3513 3499 3488 3482 3480 3480 3480 3480 3480 3480 3480 3480 3480 3480 3480 3480 3480 3481 3484 3487 3495 3505 3516 3529 3544 3559 3574 3589 3604 3621 3637 3652 3667 3681 3694 3707 3719 3732 3746 3761 3776 3790 3805 3822 3839 3853 3866 3878 3889 3900 3909 3918 3928 3939 3950
3913 3896 3877 3857 3837 3819 3800 3783 3766 3748 3731 3714 3697 3683 3672 3663 3654 3644 3634 3621 3609 3599 3588 3577 3568 3559 3549 3538 3526 3513 3500 3489 3482 3480 3480 3480 3480 3480 3480 3480 3480 3480 3480 3480 3480 3480 3481 3485 3490 3500 3510 3522 3535 3550 3564 3578 3593 3608 3624 3640 3655 3669 3683 3697 3710 3723 3736 3749 3763 3777 3792 3807 3823 3841 3856 3870 3883 3895 3908 3917 3927 3936 3946 3957
3907 3891 3873 3853 3833 3814 3796 3777 3759 3741 3723 3707 3691 3679 3669 3659 3650 3641 3631 3619 3608 3597 3586 3575 3566 3558 3548 3538 3527 3514 3501 3490 3483 3480 3480 3480 3480 3480 3480 3480 3480 3480 3480 3480 3480 3480 3482 3486 3492 3504 3515 3528 3541 3555 3569 3583 3597 3612 3628 3643 3658 3672 3686 3700 3714 3728 3741 3754 3767 3781 3795 3810 3826 3844 3859 3874 3887 3901 3914 3925 3935 3944 3954 3962
3899 3884 3867 3847 3828 3809 3790 3771 3752 3734 3715 3698 3684 3674 3665 3655 3647 3638 3628 3616 3605 3595 3584 3573 3564 3556 3547 3537 3526 3514 3502 3491 3484 3480 3480 3480 3480 3480 3480 3480 3480 3480 3480 3479 3480 3480 3482 3486 3494 3506 3519 3533 3547 3561 3574 3588 3602 3618 3634 3648 3662 3676 3690 3704 3718 3733 3748 3761 3773 3787 3801 3816 3831 3847 3863 3877 3892 3906 3920 3931 3942 3952 3961 3969
3889 3876 3859 3839 3821 3802 3784 3765 3746 3727 3708 3692 3678 3669 3660 3651 3643 3633 3623 3612 3601 3590 3579 3569 3561 3552 3543 3534 3524 3513 3501 3491 3484 3481 3480 3480 3480 3480 3480 3480 3479 3479 3479 3479 3479 3480 3482 3486 3494 3507 3520 3534 3549 3563 3578 3592 3607 3622 3637 3651 3664 3678 3691 3705 3720 3735 3750 3764 3777 3793 3810 3825 3840 3854 3868 3883 3898 3912 3926 3939 3950 3959 3969 3979
3880 3868 3852 3833 3814 3796 3777 3758 3740 3721 3703 3687 3674 3665 3657 3648 3639 3629 3618 3607 3596 3585 3574 3564 3556 3548 3539 3530 3520 3510 3499 3490 3484 3481 3480 3480 3480 3480 3480 3479 3479 3479 3478 3478 3479 3480 3482 3487 3495 3507 3521 3535 3549 3564 3580 3595 3610 3624 3639 3652 3665 3678 3691 3705 3721 3737 3752 3766 3780 3798 3815 3831 3845 3859 3873 3888 3904 3919 3933 3946 3957 3967 3978 3988
3870 3859 3845 3827 3809 3790 3770 3751 3733 3715 3698 3683 3671 3661 3654 3645 3636 3625 3613 3601 3589 3578 3568 3560 3551 3542 3533 3524 3515 3506 3497 3489 3485 3482 3481 3480 3480 3479 3479 3479 3478 3477 3477 3477 3479 3481 3484 3489 3497 3509 3522 3536 3550 3565 3580 3595 3610 3625 3639 3651 3664 3677 3691 3705 3722 3739 3755 3769 3783 3801 3818 3834 3848 3862 3877 3893 3909 3925 3940 3953 3964 3975 3986 3996
3859 3850 3837 3822 3803 3784 3764 3745 3726 3709 3693 3679 3668 3658 3650 3642 3633 3621 3608 3595 3582 3571 3562 3554 3545 3536 3527 3518 3509 3500 3493 3488 3484 3481 3480 3480 3480 3479 3479 3478 3477 3476 3476 3477 3479 3482 3486 3492 3500 3512 3525 3538 3552 3565 3580 3595 3610 3624 3638 3650 3663 3676 3690 3706 3724 3742 3758 3773 3787 3804 3820 3835 3849 3863 3880 3897 3914 3930 3945 3958 3971 3982 3992 4002
3849 3840 3829 3815 3797 3778 3759 3739 3720 3703 3688 3675 3664 3654 3647 3639 3629 3616 3602 3588 3575 3564 3554 3546 3537 3529 3520 3511 3502 3494 3489 3485 3483 3481 3480 3480 3479 3479 3478 3476 3475 3475 3475 3477 3480 3483 3488 3496 3505 3517 3529 3542 3554 3566 3581 3596 3611 3625 3638 3649 3662 3675 3690 3708 3728 3746 3762 3778 3792 3807 3822 3836 3849 3863 3881 3899 3917 3933 3949 3962 3975 3986 3997 4006
3839 3829 3817 3804 3788 3772 3754 3736 3717 3700 3685 3671 3659 3648 3641 3633 3623 3611 3598 3583 3570 3558 3548 3538 3530 3522 3513 3505 3496 3490 3486 3484 3482 3480 3480 3479 3479 3478 3476 3474 3473 3474 3475 3477 3480 3485 3491 3500 3511 3522 3533 3545 3557 3569 3583 3598 3612 3625 3638 3650 3663 3677 3692 3711 3730 3748 3764 3780 3797 3812 3827 3840 3853 3868 3884 3900 3917 3932 3948 3963 3978 3991 4001 4012
3830 3818 3805 3792 3777 3762 3747 3730 3711 3694 3679 3664 3651 3640 3633 3625 3615 3604 3592 3578 3565 3553 3543 3533 3524 3516 3508 3499 3492 3487 3484 3483 3481 3480 3479 3479 3477 3475 3473 3472 3472 3473 3475 3477 3480 3486 3494 3504 3515 3525 3536 3547 3559 3570 3584 3598 3612 3626 3639 3651 3665 3678 3694 3711 3731 3747 3763 3779 3797 3814 3829 3843 3858 3873 3888 3903 3918 3934 3949 3967 3983 3996 4008 4019
3824 3810 3795 3781 3766 3752 3737 3721 3703 3685 3669 3654 3641 3630 3623 3615 3607 3597 3587 3574 3562 3550 3539 3528 3519 3511 3503 3496 3489 3485 3483 3482 3480 3479 3478 3477 3475 3473 3470 3471 3471 3473 3474 3476 3480 3486 3495 3505 3517 3527 3538 3549 3560 3572 3585 3598 3611 3625 3639 3651 3665 3679 3693 3710 3727 3743 3759 3775 3794 3812 3829 3845 3861 3878 3893 3909 3924 3939 3955 3972 3988 4003 4016 4028
3821 3806 3790 3774 3758 3743 3728 3712 3694 3675 3657 3641 3628 3619 3612 3605 3598 3590 3581 3570 3559 3547 3535 3523 3515 3507 3500 3492 3486 3483 3481 3480 3479 3479 3477 3474 3472 3470 3469 3469 3471 3472 3474 3476 3480 3486 3495 3506 3518 3529 3539 3550 3561 3573 3586 3598 3611 3625 3638 3651 3664 3677 3691 3706 3722 3738 3754 3770 3788 3808 3826 3844 3863 3883 3900 3916 3931 3947 3962 3979 3995 4009 4023 4035
3822 3805 3789 3772 3755 3739 3723 3707 3688 3667 3646 3629 3616 3607 3601 3595 3589 3582 3575 3566 3556 3544 3531 3519 3510 3502 3495 3489 3484 3481 3479 3478 3478 3477 3474 3471 3469 3467 3467 3469 3470 3472 3474 3476 3480 3486 3495 3506 3518 3529 3539 3550 3561 3573 3585 3598 3610 3624 3637 3649 3662 3675 3688 3701 3716 3732 3748 3765 3783 3803 3822 3843 3864 3886 3905 3923 3940 3956 3970 3986 4000 4015 4028 4039
3826 3810 3793 3775 3759 3743 3727 3710 3690 3666 3641 3620 3606 3599 3592 3586 3580 3574 3568 3560 3550 3538 3526 3514 3504 3496 3490 3486 3483 3480 3477 3475 3474 3473 3471 3469 3467 3466 3467 3468 3470 3472 3473 3476 3480 3486 3495 3506 3517 3528 3539 3550 3561 3572 3584 3595 3608 3622 3636 3649 3661 3672 3684 3697 3712 3728 3745 3763 3782 3801 3820 3841 3862 3884 3904 3924 3942 3959 3975 3990 4005 4018 4030 4041
3829 3815 3798 3781 3764 3747 3730 3713 3693 3667 3640 3617 3601 3593 3585 3578 3571 3565 3560 3553 3544 3533 3520 3509 3499 3491 3485 3482 3480 3477 3475 3473 3471 3470 3468 3466 3465 3465 3466 3468 3469 3471 3473 3476 3480 3486 3495 3505 3516 3527 3538 3549 3560 3571 3582 3593 3605 3620 3636 3648 3660 3671 3683 3695 3710 3725 3743 3762 3781 3800 3819 3840 3861 3882 3902 3922 3941 3960 3977 3993 4007 4021 4033 4043
3832 3819 3804 3788 3770 3752 3734 3715 3696 3670 3642 3617 3600 3589 3580 3571 3564 3558 3553 3546 3537 3526 3515 3503 3494 3487 3481 3478 3477 3474 3472 3470 3469 3467 3466 3465 3464 3465 3466 3467 3469 3471 3473 3476 3480 3486 3494 3504 3515 3525 3536 3548 3559 3570 3580 3592 3604 3619 3635 3647 3659 3671 3683 3695 3710 3725 3743 3761 3781 3800 3819 3839 3859 3879 3899 3920 3940 3959 3977 3994 4008 4022 4035 4046
3835 3823 3810 3795 3777 3757 3737 3718 3699 3672 3645 3621 3602 3589 3576 3566 3557 3551 3545 3538 3530 3521 3510 3499 3490 3483 3478 3475 3473 3472 3470 3468 3467 3465 3464 3464 3463 3464 3465 3467 3469 3471 3473 3476 3480 3486 3494 3503 3513 3524 3535 3546 3557 3568 3579 3591 3603 3618 3633 3646 3659 3672 3684 3697 3711 3727 3744 3762 3781 3800 3819 3839 3858 3877 3897 3918 3939 3959 3977 3993 4008 4022 4035 4046
3840 3830 3817 3802 3783 3762 3741 3721 3701 3676 3650 3627 3607 3590 3575 3562 3551 3543 3537 3531 3524 3516 3506 3494 3486 3480 3475 3472 3470 3469 3467 3466 3465 3464 3463 3463 3463 3463 3465 3466 3468 3470 3472 3475 3480 3485 3493 3501 3511 3521 3532 3544 3555 3566 3578 3590 3603 3616 3631 3644 3658 3672 3685 3698 3714 3730 3747 3764 3781 3800 3819 3838 3857 3875 3896 3918 3939 3959 3977 3992 4006 4020 4033 4045
3848 3837 3823 3807 3786 3764 3743 3722 3702 3677 3653 3630 3608 3589 3574 3560 3547 3536 3529 3525 3519 3512 3503 3492 3484 3478 3473 3470 3468 3466 3465 3464 3463 3462 3461 3461 3462 3463 3464 3466 3468 3470 3472 3475 3479 3484 3491 3500 3509 3519 3529 3540 3552 3563 3576 3589 3601 3614 3628 3642 3656 3670 3684 3699 3716 3733 3749 3765 3781 3799 3819 3839 3858 3876 3897 3918 3938 3957 3973 3988 4002 4016 4027 4036
3854 3841 3827 3809 3787 3766 3745 3724 3703 3680 3656 3632 3609 3587 3572 3557 3543 3531 3523 3519 3514 3508 3499 3489 3482 3476 3472 3468 3466 3464 3462 3461 3460 3460 3460 3460 3461 3462 3463 3465 3467 3470 3472 3475 3479 3484 3491 3499 3507 3516 3526 3537 3549 3561 3574 3587 3600 3613 3626 3640 3654 3668 3683 3699 3717 3734 3750 3765 3780 3799 3819 3839 3859 3878 3898 3918 3937 3954 3969 3984 3997 4009 4018 4024
3858 3843 3828 3811 3788 3767 3746 3727 3707 3683 3659 3634 3609 3585 3569 3554 3540 3527 3517 3513 3508 3502 3494 3486 3480 3475 3470 3466 3463 3461 3460 3459 3458 3457 3458 3458 3459 3461 3462 3465 3467 3470 3473 3476 3480 3485 3491 3499 3506 3515 3524 3535 3548 3560 3574 3587 3600 3612 3626 3639 3653 3667 3683 3700 3717 3733 3749 3764 3780 3799 3820 3840 3860 3879 3898 3916 3934 3951 3965 3978 3989 3998 4004 4008
3858 3844 3828 3811 3789 3767 3747 3728 3709 3685 3661 3635 3609 3583 3567 3551 3537 3524 3514 3508 3502 3495 3489 3483 3477 3472 3468 3464 3461 3459 3457 3456 3455 3455 3456 3457 3458 3460 3462 3465 3467 3470 3473 3477 3481 3487 3493 3500 3507 3515 3525 3536 3548 3560 3574 3587 3600 3613 3627 3641 3654 3669 3684 3701 3717 3733 3748 3764 3780 3800 3820 3840 3860 3879 3896 3914 3930 3946 3959 3970 3979 3985 3987 3988
3858 3842 3826 3809 3788 3767 3747 3728 3709 3685 3661 3635 3608 3582 3565 3549 3535 3522 3511 3503 3496 3490 3484 3479 3475 3470 3466 3462 3459 3457 3455 3453 3453 3452 3454 3455 3457 3459 3462 3465 3468 3471 3474 3478 3482 3488 3495 3502 3509 3517 3527 3537 3549 3562 3575 3588 3602 3616 3631 3644 3658 3672 3687 3703 3718 3734 3749 3764 3780 3800 3820 3839 3859 3877 3894 3910 3925 3939 3951 3959 3965 3969 3968 3966
3856 3841 3824 3806 3785 3764 3744 3725 3706 3682 3658 3633 3608 3583 3565 3549 3535 3522 3511 3501 3493 3486 3480 3476 3472 3467 3464 3460 3456 3454 3452 3450 3450 3450 3451 3453 3456 3458 3461 3464 3468 3471 3475 3479 3484 3490 3496 3504 3512 3520 3530 3542 3553 3566 3579 3592 3606 3622 3637 3651 3664 3677 3691 3706 3721 3736 3750 3764 3778 3797 3816 3836 3854 3872 3886 3899 3913 3925 3935 3940 3944 3946 3946 3944
3855 3840 3823 3804 3783 3762 3741 3722 3702 3679 3656 3633 3609 3585 3567 3550 3535 3522 3511 3501 3492 3483 3477 3473 3469 3465 3461 3457 3454 3451 3449 3448 3447 3447 3449 3452 3454 3457 3461 3464 3468 3472 3476 3480 3485 3491 3497 3505 3514 3523 3534 3545 3558 3570 3584 3598 3612 3627 3643 3657 3670 3682 3695 3710 3723 3736 3750 3762 3774 3791 3809 3828 3845 3861 3873 3885 3897 3908 3917 3919 3921 3923 3923 3921
