data/dem/DEM_30_0000696000_0009672000.asc
ncols 800
nrows 800
xllcenter 696015.000000
yllcenter -327985.000000
cellsize 30.000000
nodata_value -9999
[rows 76 to 113 of 800, columns 588 to 671 of 800]
3659 3653 3647 3642 3635 3629 3623 3617 3611 3604 3599 3594 3589 3584 3578 3574 3570 3566 3564 3562 3561 3560 3560 3560 3560 3560 3560 3560 3560 3560 3560 3560 3561 3562 3562 3563 3564 3564 3563 3563 3564 3566 3569 3573 3578 3584 3590 3596 3601 3605 3606 3607 3608 3608 3608 3605 3602 3599 3597 3596 3595 3594 3591 3585 3576 3565 3554 3545 3539 3535 3532 3529 3526 3526 3526 3526 3527 3529 3530 3531 3532 3533 3535 3536
3666 3659 3653 3648 3642 3636 3630 3624 3618 3611 3605 3600 3595 3590 3584 3579 3574 3570 3566 3563 3562 3561 3560 3561 3561 3561 3561 3561 3561 3560 3560 3560 3560 3561 3562 3563 3564 3564 3563 3562 3562 3563 3564 3566 3570 3576 3582 3587 3592 3596 3599 3601 3603 3603 3603 3601 3598 3595 3593 3593 3594 3594 3592 3587 3578 3563 3549 3538 3531 3528 3525 3523 3522 3521 3521 3521 3522 3523 3524 3525 3525 3525 3526 3527
3674 3668 3663 3657 3651 3644 3639 3633 3627 3621 3614 3608 3602 3596 3592 3586 3581 3576 3571 3567 3564 3562 3562 3562 3562 3562 3562 3561 3560 3560 3560 3560 3560 3561 3563 3564 3565 3565 3563 3561 3561 3562 3562 3564 3566 3569 3573 3577 3581 3586 3589 3592 3595 3596 3597 3596 3594 3591 3590 3590 3592 3592 3591 3586 3576 3561 3547 3536 3529 3526 3523 3522 3521 3520 3520 3520 3521 3521 3522 3522 3522 3522 3522 3523
3683 3677 3672 3667 3661 3654 3648 3642 3636 3630 3623 3616 3609 3604 3599 3594 3588 3582 3577 3572 3569 3566 3565 3565 3565 3564 3563 3561 3560 3560 3560 3560 3560 3561 3563 3564 3566 3566 3564 3562 3562 3562 3562 3563 3564 3565 3567 3569 3572 3577 3580 3583 3585 3588 3590 3590 3589 3587 3585 3585 3587 3589 3587 3581 3572 3558 3545 3534 3527 3524 3522 3521 3520 3520 3520 3520 3520 3520 3520 3520 3520 3520 3520 3521
3692 3686 3681 3676 3670 3663 3657 3651 3645 3639 3632 3626 3619 3612 3606 3601 3595 3589 3583 3578 3575 3572 3570 3570 3569 3567 3565 3562 3560 3560 3560 3560 3560 3562 3563 3565 3566 3566 3564 3562 3563 3563 3563 3563 3564 3564 3564 3565 3566 3569 3571 3573 3575 3578 3581 3583 3582 3580 3579 3579 3581 3582 3580 3575 3566 3554 3541 3531 3525 3522 3521 3520 3520 3520 3520 3520 3520 3520 3520 3520 3520 3520 3520 3520
3701 3696 3690 3685 3679 3673 3667 3661 3654 3647 3641 3635 3628 3621 3614 3608 3602 3596 3590 3586 3582 3579 3577 3575 3574 3571 3567 3564 3561 3560 3560 3560 3560 3562 3564 3565 3567 3567 3565 3563 3564 3565 3565 3565 3564 3563 3563 3562 3563 3564 3564 3565 3566 3568 3572 3573 3573 3571 3570 3570 3572 3572 3570 3565 3557 3546 3536 3528 3523 3521 3520 3520 3520 3520 3520 3520 3520 3520 3520 3520 3520 3520 3520 3520
3711 3706 3700 3694 3688 3682 3677 3670 3663 3655 3649 3643 3637 3630 3623 3615 3609 3603 3598 3594 3590 3587 3584 3581 3579 3576 3571 3567 3563 3561 3561 3560 3561 3562 3564 3565 3567 3568 3566 3564 3566 3566 3566 3566 3565 3563 3562 3561 3561 3561 3560 3559 3558 3560 3563 3564 3563 3562 3561 3561 3561 3559 3557 3551 3544 3536 3530 3525 3522 3520 3520 3520 3520 3520 3520 3520 3520 3520 3520 3520 3520 3520 3520 3520
3721 3715 3710 3704 3698 3691 3685 3677 3670 3663 3657 3651 3645 3638 3631 3625 3619 3613 3608 3604 3599 3596 3593 3590 3588 3584 3579 3574 3569 3565 3563 3562 3561 3562 3564 3566 3567 3568 3568 3567 3567 3568 3567 3566 3564 3562 3561 3561 3561 3561 3559 3557 3555 3555 3556 3556 3555 3554 3552 3550 3549 3547 3544 3539 3533 3529 3525 3523 3521 3520 3520 3520 3520 3520 3520 3520 3520 3520 3521 3521 3521 3520 3520 3520
3731 3724 3718 3713 3707 3700 3693 3685 3678 3671 3666 3660 3653 3646 3639 3634 3629 3624 3620 3616 3611 3607 3603 3600 3597 3594 3589 3583 3578 3572 3569 3566 3565 3564 3565 3567 3569 3570 3569 3569 3569 3568 3567 3565 3563 3562 3561 3561 3561 3560 3559 3557 3554 3552 3552 3551 3549 3547 3545 3542 3540 3538 3535 3531 3527 3525 3523 3521 3521 3520 3520 3521 3521 3521 3521 3521 3521 3522 3523 3524 3522 3521 3521 3521
3740 3733 3726 3720 3715 3709 3701 3693 3686 3679 3674 3669 3662 3655 3647 3642 3638 3635 3633 3630 3625 3620 3615 3611 3608 3604 3599 3594 3588 3582 3578 3574 3571 3569 3569 3569 3571 3571 3571 3570 3569 3568 3566 3564 3562 3561 3561 3561 3561 3560 3559 3557 3555 3552 3549 3547 3545 3543 3540 3537 3534 3532 3530 3527 3524 3523 3522 3522 3521 3521 3522 3522 3523 3523 3523 3524 3524 3525 3526 3527 3525 3524 3523 3524
3750 3742 3734 3728 3722 3717 3710 3702 3694 3687 3682 3677 3671 3663 3655 3650 3647 3645 3644 3643 3639 3634 3629 3624 3620 3615 3610 3605 3600 3596 3591 3586 3581 3577 3575 3574 3574 3573 3572 3570 3569 3566 3564 3563 3561 3561 3561 3561 3561 3560 3560 3559 3557 3554 3549 3546 3543 3540 3537 3534 3531 3529 3527 3526 3524 3524 3524 3523 3523 3523 3525 3526 3526 3527 3527 3528 3529 3530 3531 3531 3529 3527 3527 3528
3758 3750 3742 3735 3729 3724 3717 3710 3703 3696 3689 3683 3677 3670 3663 3659 3656 3655 3654 3654 3651 3648 3644 3639 3634 3627 3621 3617 3613 3610 3606 3600 3594 3589 3583 3580 3578 3576 3573 3571 3568 3565 3563 3561 3562 3562 3561 3561 3560 3560 3560 3559 3558 3555 3550 3545 3541 3538 3535 3532 3529 3527 3526 3526 3526 3526 3526 3526 3526 3527 3528 3530 3531 3532 3533 3535 3536 3537 3538 3538 3535 3533 3532 3533
3767 3757 3748 3741 3735 3729 3723 3716 3711 3705 3697 3689 3682 3675 3669 3666 3664 3663 3663 3663 3662 3660 3658 3653 3647 3639 3633 3629 3627 3625 3621 3616 3610 3603 3596 3591 3586 3581 3576 3571 3569 3566 3564 3563 3563 3563 3562 3562 3561 3561 3561 3560 3558 3554 3548 3544 3541 3539 3537 3534 3531 3530 3529 3529 3530 3531 3531 3532 3532 3533 3534 3535 3537 3538 3540 3542 3543 3545 3547 3548 3546 3544 3543 3544
3775 3764 3755 3747 3740 3734 3728 3722 3717 3712 3704 3695 3686 3679 3674 3672 3671 3671 3672 3672 3672 3672 3671 3667 3661 3653 3647 3644 3641 3639 3635 3630 3625 3618 3610 3605 3598 3591 3583 3575 3572 3569 3567 3565 3564 3564 3563 3563 3562 3562 3562 3560 3558 3553 3548 3545 3543 3541 3540 3538 3536 3534 3534 3534 3535 3536 3537 3537 3538 3538 3540 3542 3544 3546 3548 3550 3553 3555 3557 3559 3558 3557 3555 3554
3783 3771 3761 3752 3745 3739 3733 3727 3721 3716 3708 3699 3691 3684 3679 3678 3678 3679 3680 3681 3682 3683 3683 3681 3676 3670 3664 3660 3657 3654 3649 3645 3640 3634 3627 3621 3614 3606 3595 3585 3579 3574 3570 3567 3566 3565 3564 3563 3563 3563 3561 3559 3556 3553 3548 3547 3546 3545 3544 3542 3541 3541 3541 3540 3541 3542 3542 3543 3544 3545 3547 3549 3552 3555 3558 3561 3564 3567 3569 3572 3571 3569 3567 3565
3792 3779 3768 3758 3750 3744 3738 3732 3725 3719 3712 3704 3696 3689 3683 3683 3684 3686 3688 3691 3692 3694 3695 3694 3692 3687 3683 3678 3674 3670 3664 3660 3655 3650 3644 3638 3632 3623 3612 3598 3589 3581 3576 3572 3570 3568 3566 3564 3563 3563 3561 3559 3556 3553 3551 3550 3549 3549 3548 3548 3548 3548 3548 3547 3547 3547 3548 3549 3551 3552 3555 3558 3563 3567 3572 3576 3579 3582 3584 3586 3585 3583 3580 3576
3801 3788 3775 3764 3755 3748 3742 3735 3729 3722 3715 3708 3701 3694 3688 3688 3689 3693 3697 3701 3704 3706 3707 3708 3707 3704 3701 3698 3692 3686 3680 3675 3670 3666 3660 3655 3650 3642 3630 3615 3603 3593 3586 3581 3577 3573 3569 3567 3566 3566 3563 3560 3558 3556 3555 3554 3554 3554 3554 3554 3555 3556 3556 3555 3554 3554 3554 3556 3558 3560 3564 3569 3575 3582 3589 3594 3597 3599 3600 3602 3601 3598 3594 3589
3811 3798 3785 3773 3762 3754 3747 3740 3733 3726 3720 3715 3709 3703 3697 3695 3696 3700 3705 3710 3713 3715 3717 3719 3720 3719 3717 3714 3708 3701 3695 3690 3685 3680 3675 3670 3665 3658 3647 3633 3620 3608 3599 3593 3589 3584 3579 3576 3574 3574 3572 3569 3566 3563 3560 3559 3559 3560 3561 3563 3565 3567 3567 3566 3565 3564 3564 3565 3568 3573 3579 3586 3593 3601 3610 3615 3618 3619 3620 3620 3618 3614 3608 3602
3819 3807 3795 3782 3769 3760 3753 3745 3739 3732 3726 3721 3716 3711 3705 3703 3703 3707 3712 3718 3721 3724 3727 3730 3732 3733 3731 3728 3722 3715 3710 3705 3701 3696 3691 3686 3680 3672 3662 3650 3638 3625 3615 3607 3602 3597 3592 3588 3586 3587 3585 3582 3577 3572 3568 3567 3567 3568 3571 3574 3578 3580 3582 3581 3578 3577 3577 3578 3582 3588 3596 3604 3613 3622 3630 3635 3638 3639 3639 3638 3635 3630 3623 3615
3826 3815 3803 3790 3778 3768 3760 3752 3745 3739 3733 3728 3723 3717 3712 3710 3710 3713 3718 3724 3729 3733 3737 3741 3744 3745 3744 3740 3735 3729 3725 3721 3717 3713 3708 3702 3694 3686 3677 3668 3656 3644 3634 3625 3619 3613 3607 3602 3600 3601 3599 3596 3591 3585 3579 3578 3578 3580 3583 3587 3591 3595 3597 3597 3594 3593 3593 3594 3598 3605 3614 3624 3634 3643 3651 3655 3658 3659 3658 3656 3651 3645 3637 3630
3832 3821 3810 3798 3787 3777 3767 3759 3752 3746 3740 3734 3729 3723 3718 3716 3717 3719 3724 3730 3736 3741 3746 3751 3755 3756 3755 3752 3747 3743 3740 3737 3733 3729 3724 3716 3708 3700 3692 3686 3675 3665 3655 3646 3638 3631 3624 3619 3615 3616 3615 3611 3606 3599 3592 3591 3592 3594 3597 3600 3605 3610 3614 3614 3612 3611 3610 3611 3616 3623 3634 3645 3656 3665 3672 3676 3678 3678 3677 3673 3666 3659 3651 3644
3836 3827 3816 3806 3796 3785 3776 3767 3760 3753 3747 3741 3735 3729 3724 3722 3722 3723 3728 3735 3742 3749 3755 3760 3765 3766 3765 3763 3760 3757 3755 3753 3749 3744 3738 3729 3721 3713 3708 3703 3694 3685 3675 3666 3658 3651 3643 3636 3632 3631 3629 3626 3619 3612 3604 3604 3606 3609 3611 3613 3619 3625 3630 3631 3630 3628 3628 3630 3635 3644 3655 3668 3679 3688 3695 3698 3699 3698 3695 3689 3681 3673 3666 3660
3840 3832 3822 3813 3803 3793 3785 3776 3768 3760 3752 3746 3739 3734 3729 3727 3727 3728 3732 3738 3744 3751 3759 3766 3774 3775 3775 3773 3771 3769 3767 3763 3759 3754 3749 3741 3733 3727 3723 3719 3712 3703 3695 3687 3679 3670 3661 3653 3647 3644 3640 3636 3630 3624 3619 3619 3621 3624 3626 3628 3634 3640 3646 3648 3648 3648 3648 3650 3657 3667 3679 3692 3703 3713 3720 3721 3720 3716 3710 3703 3695 3687 3680 3674
3844 3836 3828 3819 3809 3800 3792 3784 3775 3766 3758 3751 3744 3739 3734 3733 3732 3733 3736 3740 3746 3753 3761 3771 3781 3784 3784 3783 3781 3779 3777 3773 3768 3763 3758 3752 3745 3740 3737 3734 3728 3722 3715 3707 3697 3686 3677 3668 3660 3654 3649 3643 3638 3634 3631 3633 3635 3637 3639 3641 3647 3654 3660 3664 3665 3666 3667 3670 3677 3688 3701 3713 3725 3734 3740 3740 3737 3731 3724 3716 3708 3700 3694 3688
3847 3840 3833 3824 3815 3807 3799 3791 3782 3773 3764 3755 3748 3743 3739 3737 3736 3737 3739 3742 3748 3755 3764 3775 3786 3791 3792 3792 3791 3789 3786 3782 3777 3772 3768 3763 3757 3753 3750 3748 3744 3739 3732 3723 3712 3700 3688 3678 3669 3661 3654 3649 3644 3642 3642 3645 3647 3648 3650 3653 3659 3666 3672 3676 3679 3682 3684 3688 3695 3706 3720 3732 3743 3751 3756 3754 3750 3743 3736 3728 3720 3714 3708 3703
3849 3842 3836 3828 3819 3812 3804 3797 3788 3778 3769 3760 3752 3747 3743 3741 3740 3740 3742 3745 3751 3757 3765 3777 3789 3795 3799 3800 3800 3798 3795 3790 3786 3782 3779 3774 3770 3766 3763 3762 3758 3753 3746 3736 3724 3710 3696 3685 3675 3666 3659 3653 3650 3649 3651 3655 3658 3659 3661 3663 3669 3676 3682 3687 3691 3695 3700 3705 3713 3723 3736 3748 3758 3765 3767 3764 3760 3754 3747 3739 3732 3726 3721 3717
3850 3843 3837 3830 3823 3816 3809 3801 3793 3783 3773 3764 3756 3751 3747 3744 3743 3743 3745 3748 3754 3760 3767 3778 3791 3798 3804 3808 3809 3807 3803 3799 3795 3792 3790 3787 3783 3779 3778 3777 3771 3765 3756 3746 3733 3717 3702 3689 3679 3670 3663 3658 3657 3658 3661 3665 3668 3670 3671 3672 3677 3684 3691 3697 3703 3709 3716 3723 3731 3740 3752 3763 3771 3776 3777 3773 3768 3763 3758 3751 3744 3737 3733 3730
3848 3841 3835 3830 3824 3818 3811 3804 3796 3788 3777 3768 3760 3755 3750 3748 3746 3746 3747 3751 3756 3762 3770 3781 3793 3803 3811 3816 3819 3818 3814 3812 3810 3807 3805 3801 3796 3792 3790 3788 3781 3772 3762 3750 3736 3721 3706 3692 3681 3671 3666 3663 3663 3666 3670 3673 3676 3678 3679 3679 3684 3690 3698 3706 3713 3723 3732 3742 3752 3760 3769 3778 3784 3787 3786 3783 3779 3775 3769 3762 3755 3748 3743 3741
3847 3840 3835 3830 3825 3820 3814 3807 3800 3792 3782 3772 3764 3759 3755 3752 3750 3749 3750 3754 3759 3766 3774 3785 3797 3808 3818 3825 3830 3831 3829 3828 3827 3824 3820 3814 3808 3803 3800 3797 3788 3778 3766 3753 3739 3723 3709 3695 3684 3674 3670 3668 3669 3672 3677 3680 3683 3685 3686 3687 3691 3697 3705 3713 3723 3735 3747 3759 3769 3777 3785 3791 3795 3796 3794 3792 3790 3787 3782 3775 3767 3760 3755 3753
3848 3842 3836 3831 3826 3821 3816 3810 3802 3795 3786 3777 3769 3763 3759 3757 3754 3753 3754 3758 3764 3771 3780 3790 3801 3813 3825 3835 3842 3847 3846 3846 3844 3840 3833 3826 3819 3813 3808 3803 3793 3781 3768 3755 3740 3725 3712 3699 3687 3678 3674 3673 3675 3678 3682 3686 3690 3693 3694 3695 3699 3704 3712 3721 3731 3745 3760 3773 3783 3790 3797 3801 3804 3804 3802 3801 3800 3798 3795 3789 3781 3775 3769 3766
3850 3844 3838 3833 3828 3823 3818 3812 3805 3798 3790 3782 3774 3768 3764 3762 3759 3758 3760 3764 3772 3779 3788 3797 3807 3820 3832 3844 3855 3863 3864 3864 3861 3854 3844 3836 3829 3822 3815 3807 3796 3783 3769 3756 3742 3728 3715 3703 3692 3682 3679 3678 3680 3683 3687 3692 3697 3700 3702 3703 3707 3712 3718 3727 3739 3754 3770 3784 3793 3799 3805 3809 3811 3812 3810 3809 3809 3809 3806 3802 3796 3790 3785 3782
3853 3847 3841 3835 3830 3825 3820 3814 3807 3801 3794 3787 3780 3774 3769 3767 3765 3764 3766 3771 3780 3789 3797 3805 3814 3827 3840 3854 3867 3878 3881 3880 3875 3866 3855 3846 3838 3829 3820 3810 3798 3785 3771 3758 3744 3731 3718 3707 3696 3687 3684 3683 3684 3687 3693 3698 3704 3708 3710 3711 3714 3718 3724 3733 3745 3761 3776 3790 3799 3807 3812 3817 3819 3820 3818 3818 3818 3819 3818 3815 3811 3807 3802 3798
3855 3848 3842 3837 3832 3828 3823 3817 3811 3805 3799 3793 3786 3779 3773 3770 3767 3767 3771 3778 3788 3797 3806 3815 3824 3837 3850 3864 3877 3889 3893 3891 3885 3874 3862 3852 3843 3833 3823 3811 3799 3786 3773 3759 3745 3733 3721 3710 3699 3690 3686 3684 3686 3691 3699 3706 3711 3715 3717 3718 3721 3724 3729 3736 3747 3761 3776 3791 3803 3814 3822 3827 3830 3830 3829 3828 3829 3829 3828 3827 3824 3821 3818 3813
3856 3849 3844 3839 3836 3832 3827 3821 3815 3809 3804 3798 3792 3785 3777 3773 3770 3770 3774 3783 3794 3803 3813 3823 3833 3846 3860 3873 3886 3897 3901 3899 3891 3879 3867 3856 3845 3835 3824 3812 3801 3788 3775 3761 3747 3735 3724 3713 3703 3692 3688 3686 3688 3695 3705 3713 3720 3724 3727 3729 3732 3734 3738 3742 3750 3762 3776 3791 3805 3818 3829 3837 3841 3841 3839 3838 3838 3838 3838 3837 3834 3832 3828 3823
3858 3851 3846 3842 3839 3836 3831 3826 3820 3815 3809 3802 3796 3789 3782 3777 3774 3774 3778 3786 3796 3806 3817 3827 3839 3854 3868 3881 3893 3903 3907 3903 3894 3882 3869 3857 3847 3837 3826 3813 3802 3790 3776 3762 3749 3737 3726 3716 3705 3694 3689 3688 3692 3700 3711 3720 3728 3735 3740 3744 3747 3748 3749 3751 3754 3764 3777 3791 3806 3821 3834 3846 3852 3853 3849 3848 3847 3847 3845 3843 3840 3837 3833 3829
3861 3854 3849 3846 3844 3841 3836 3831 3825 3820 3813 3806 3799 3792 3786 3781 3779 3779 3782 3788 3797 3807 3818 3830 3844 3860 3875 3888 3900 3908 3909 3905 3896 3883 3870 3858 3847 3837 3826 3815 3803 3791 3777 3764 3751 3739 3728 3718 3707 3695 3691 3691 3695 3705 3716 3727 3737 3747 3755 3761 3764 3764 3763 3761 3762 3769 3779 3792 3807 3823 3839 3853 3862 3864 3860 3858 3856 3854 3851 3847 3843 3839 3835 3831
3865 3859 3854 3851 3849 3845 3840 3835 3830 3824 3817 3809 3802 3796 3790 3786 3783 3783 3786 3791 3798 3807 3819 3833 3848 3865 3881 3895 3906 3912 3911 3906 3896 3883 3869 3857 3847 3837 3827 3816 3805 3792 3778 3764 3752 3741 3730 3719 3708 3697 3693 3694 3700 3709 3721 3733 3745 3757 3769 3778 3781 3781 3778 3774 3772 3778 3786 3797 3811 3826 3845 3861 3872 3875 3873 3869 3865 3861 3855 3849 3844 3840 3835 3831
3870 3864 3859 3856 3854 3849 3845 3840 3834 3828 3820 3812 3805 3799 3795 3791 3789 3788 3789 3793 3800 3809 3820 3834 3850 3870 3887 3901 3910 3913 3911 3905 3895 3882 3867 3855 3844 3834 3824 3812 3802 3790 3776 3763 3750 3739 3729 3719 3709 3700 3699 3701 3708 3717 3727 3739 3751 3764 3776 3788 3793 3794 3792 3789 3788 3795 3804 3814 3826 3838 3855 3871 3882 3887 3885 3879 3872 3864 3856 3848 3842 3837 3833 3829
