data/dem/DEM_30_0000768000_0009816000.asc
ncols 800
nrows 800
xllcenter 768015.000000
yllcenter -183985.000000
cellsize 30.000000
nodata_value -9999
[rows 228 to 265 of 800, columns 84 to 167 of 800]
3640 3640 3640 3640 3640 3640 3640 3640 3640 3640 3640 3640 3640 3640 3640 3640 3640 3640 3640 3640 3640 3640 3640 3640 3639 3639 3637 3635 3633 3630 3627 3623 3619 3615 3611 3607 3603 3600 3597 3594 3591 3587 3583 3578 3574 3569 3565 3562 3560 3558 3556 3553 3551 3548 3546 3543 3539 3535 3531 3526 3521 3516 3509 3502 3495 3489 3482 3474 3465 3455 3446 3437 3429 3421 3412 3404 3395 3387 3382 3380 3377 3374 3370 3365
3640 3640 3640 3640 3640 3640 3640 3640 3640 3640 3640 3640 3640 3640 3640 3640 3640 3640 3640 3640 3639 3639 3639 3639 3639 3639 3638 3637 3635 3632 3629 3625 3620 3615 3610 3606 3602 3599 3596 3593 3590 3586 3582 3578 3574 3570 3567 3564 3562 3560 3558 3556 3554 3554 3552 3549 3545 3540 3535 3527 3520 3512 3502 3492 3484 3476 3468 3460 3450 3440 3431 3422 3414 3406 3398 3388 3379 3371 3364 3362 3360 3358 3355 3352
3640 3640 3640 3640 3640 3640 3640 3640 3640 3640 3640 3640 3640 3640 3640 3639 3639 3639 3639 3639 3639 3639 3639 3639 3639 3639 3638 3637 3636 3633 3630 3626 3621 3615 3610 3606 3602 3599 3596 3593 3590 3586 3582 3578 3575 3572 3569 3566 3563 3561 3559 3557 3556 3556 3554 3550 3545 3540 3534 3524 3513 3503 3492 3480 3469 3460 3450 3441 3431 3422 3413 3404 3397 3389 3381 3371 3362 3353 3347 3343 3341 3340 3338 3336
3640 3640 3640 3640 3640 3640 3640 3640 3640 3640 3640 3640 3640 3640 3639 3639 3639 3639 3639 3639 3638 3638 3638 3638 3638 3638 3637 3636 3635 3633 3630 3626 3621 3616 3611 3607 3603 3599 3596 3593 3590 3586 3582 3579 3576 3573 3570 3568 3565 3562 3559 3557 3556 3555 3551 3546 3541 3535 3527 3515 3503 3491 3479 3466 3453 3442 3431 3420 3411 3402 3394 3386 3378 3372 3362 3352 3343 3336 3330 3325 3322 3321 3319 3318
3640 3640 3640 3640 3640 3640 3640 3640 3640 3640 3640 3640 3640 3639 3639 3639 3638 3638 3639 3638 3637 3636 3636 3636 3635 3635 3634 3633 3632 3630 3628 3624 3620 3615 3611 3607 3603 3599 3596 3593 3589 3585 3581 3578 3575 3573 3571 3568 3566 3563 3560 3557 3554 3552 3546 3539 3531 3524 3515 3502 3490 3477 3464 3450 3436 3424 3412 3400 3390 3382 3374 3366 3359 3352 3343 3333 3325 3318 3312 3307 3304 3302 3301 3299
3641 3641 3641 3642 3641 3640 3640 3640 3640 3640 3639 3639 3639 3639 3639 3638 3637 3636 3635 3633 3631 3629 3629 3629 3628 3627 3626 3624 3623 3622 3620 3617 3614 3609 3606 3603 3599 3595 3590 3586 3583 3579 3576 3573 3571 3569 3568 3566 3564 3561 3558 3554 3549 3543 3535 3527 3518 3509 3499 3485 3472 3459 3447 3434 3420 3407 3395 3383 3372 3363 3354 3345 3338 3332 3323 3313 3305 3298 3293 3287 3283 3281 3279 3276
3642 3642 3642 3643 3642 3641 3640 3639 3639 3639 3639 3638 3638 3637 3637 3636 3634 3632 3629 3626 3624 3622 3621 3621 3620 3618 3617 3615 3614 3613 3612 3611 3608 3605 3602 3599 3595 3590 3584 3579 3576 3573 3570 3568 3565 3564 3563 3561 3559 3556 3552 3547 3539 3530 3521 3512 3502 3492 3481 3468 3454 3442 3430 3418 3405 3391 3378 3365 3354 3344 3333 3323 3316 3311 3301 3292 3283 3277 3271 3266 3262 3258 3256 3252
3643 3644 3644 3643 3642 3641 3640 3639 3638 3638 3637 3637 3636 3634 3633 3632 3629 3626 3622 3619 3616 3614 3614 3613 3612 3611 3610 3608 3607 3606 3606 3605 3603 3601 3598 3595 3592 3586 3580 3575 3571 3567 3565 3562 3560 3558 3556 3554 3551 3546 3541 3534 3524 3513 3503 3494 3484 3474 3463 3451 3438 3426 3415 3403 3389 3374 3360 3347 3336 3324 3312 3301 3293 3287 3278 3269 3260 3253 3248 3243 3239 3235 3231 3228
3645 3645 3644 3643 3642 3641 3640 3639 3637 3636 3635 3634 3633 3631 3629 3627 3624 3620 3615 3612 3609 3608 3607 3607 3606 3605 3604 3603 3602 3602 3602 3601 3600 3599 3596 3593 3590 3585 3580 3575 3570 3566 3562 3559 3555 3551 3548 3544 3539 3533 3526 3517 3506 3493 3482 3472 3463 3453 3444 3433 3422 3411 3400 3389 3374 3358 3342 3329 3317 3304 3290 3278 3269 3263 3253 3244 3236 3229 3224 3220 3215 3210 3206 3201
3646 3646 3645 3643 3642 3641 3639 3638 3636 3634 3633 3631 3629 3627 3624 3621 3618 3614 3610 3607 3604 3603 3603 3602 3601 3601 3601 3600 3600 3600 3600 3599 3599 3598 3596 3594 3591 3589 3585 3580 3574 3569 3563 3558 3552 3545 3539 3532 3526 3519 3510 3499 3486 3472 3460 3449 3440 3431 3423 3415 3406 3396 3385 3373 3359 3343 3327 3313 3300 3285 3270 3256 3246 3239 3228 3218 3210 3205 3201 3197 3192 3186 3180 3174
3648 3647 3645 3644 3642 3641 3640 3638 3637 3634 3632 3630 3627 3625 3621 3618 3615 3611 3607 3605 3604 3603 3602 3601 3600 3600 3600 3600 3600 3600 3600 3600 3600 3600 3599 3597 3596 3594 3592 3589 3584 3579 3572 3564 3555 3546 3537 3528 3519 3508 3496 3484 3470 3455 3441 3428 3417 3407 3397 3391 3384 3377 3367 3355 3341 3326 3311 3296 3281 3268 3253 3240 3228 3218 3207 3197 3189 3183 3180 3177 3173 3167 3160 3154
3649 3648 3646 3644 3643 3641 3640 3639 3637 3635 3632 3630 3627 3623 3620 3616 3613 3609 3606 3605 3604 3603 3602 3601 3601 3601 3601 3602 3602 3602 3603 3603 3603 3603 3602 3600 3599 3597 3596 3593 3590 3585 3578 3568 3558 3547 3537 3526 3515 3501 3487 3473 3458 3441 3425 3411 3397 3384 3371 3365 3360 3354 3346 3335 3321 3308 3293 3278 3263 3250 3237 3224 3211 3199 3189 3179 3170 3164 3161 3159 3155 3149 3142 3136
3650 3649 3647 3645 3644 3642 3641 3640 3638 3636 3633 3631 3627 3624 3620 3616 3613 3610 3607 3606 3605 3604 3603 3602 3602 3603 3604 3605 3607 3608 3608 3608 3607 3606 3604 3602 3600 3598 3597 3594 3590 3586 3579 3569 3558 3547 3535 3524 3511 3496 3481 3465 3449 3431 3414 3396 3380 3364 3350 3341 3335 3330 3323 3313 3301 3288 3274 3260 3245 3232 3220 3207 3194 3181 3171 3162 3155 3148 3144 3141 3136 3131 3124 3118
3651 3650 3648 3646 3644 3642 3641 3640 3639 3637 3634 3631 3628 3625 3621 3618 3614 3612 3609 3609 3608 3606 3605 3604 3605 3607 3609 3611 3614 3615 3615 3614 3612 3609 3605 3603 3600 3599 3597 3593 3588 3582 3574 3566 3555 3543 3531 3519 3507 3492 3476 3460 3443 3425 3406 3387 3368 3350 3334 3322 3314 3306 3299 3291 3279 3268 3255 3242 3229 3215 3202 3189 3176 3164 3155 3147 3140 3134 3128 3124 3119 3113 3106 3101
3652 3650 3648 3646 3644 3642 3640 3639 3638 3636 3634 3632 3629 3626 3623 3620 3617 3615 3613 3612 3611 3610 3609 3608 3610 3613 3616 3620 3624 3624 3623 3620 3616 3611 3606 3603 3601 3599 3597 3591 3584 3575 3567 3560 3549 3537 3524 3512 3500 3486 3471 3455 3438 3420 3401 3381 3361 3341 3323 3308 3296 3286 3277 3268 3258 3248 3236 3224 3212 3198 3184 3171 3158 3147 3139 3132 3126 3119 3113 3107 3102 3096 3089 3083
3653 3650 3648 3645 3643 3641 3640 3638 3636 3634 3633 3631 3630 3628 3626 3623 3621 3618 3616 3616 3616 3615 3615 3616 3619 3623 3626 3629 3631 3630 3628 3624 3618 3612 3608 3604 3602 3600 3598 3593 3585 3576 3566 3557 3546 3532 3518 3503 3488 3473 3459 3445 3430 3414 3397 3378 3359 3339 3320 3302 3285 3270 3259 3251 3240 3229 3218 3207 3195 3182 3167 3153 3141 3132 3125 3119 3113 3106 3100 3094 3088 3081 3073 3066
3654 3651 3648 3645 3643 3641 3639 3637 3635 3634 3633 3632 3632 3631 3629 3627 3624 3622 3620 3620 3620 3621 3622 3623 3627 3631 3633 3634 3634 3633 3631 3626 3620 3614 3610 3606 3604 3602 3599 3595 3586 3576 3565 3555 3543 3529 3513 3495 3477 3461 3446 3432 3418 3404 3388 3372 3355 3336 3318 3299 3278 3260 3247 3237 3225 3212 3200 3189 3178 3165 3151 3138 3127 3119 3113 3107 3101 3095 3088 3082 3075 3067 3059 3051
3655 3652 3649 3646 3644 3642 3640 3638 3636 3635 3635 3634 3634 3634 3632 3630 3627 3625 3624 3624 3625 3626 3627 3630 3633 3635 3637 3636 3636 3634 3631 3627 3622 3616 3612 3609 3606 3603 3600 3594 3585 3575 3563 3552 3538 3524 3507 3489 3469 3449 3431 3415 3401 3388 3375 3362 3348 3332 3315 3295 3275 3256 3240 3228 3213 3198 3185 3173 3162 3151 3139 3127 3117 3109 3102 3096 3090 3084 3078 3071 3063 3055 3046 3038
3656 3654 3651 3648 3645 3643 3642 3640 3638 3637 3637 3637 3637 3636 3634 3632 3630 3628 3627 3628 3629 3630 3632 3635 3637 3638 3638 3637 3635 3633 3630 3626 3622 3618 3614 3611 3607 3603 3599 3592 3582 3571 3559 3546 3532 3516 3500 3481 3462 3440 3419 3400 3384 3371 3359 3348 3336 3323 3309 3290 3271 3253 3236 3221 3204 3187 3172 3159 3148 3139 3128 3118 3108 3099 3091 3085 3080 3074 3069 3061 3052 3044 3036 3028
3658 3656 3653 3651 3648 3646 3644 3642 3641 3640 3639 3639 3638 3638 3635 3633 3631 3631 3631 3632 3633 3635 3637 3638 3639 3639 3638 3636 3634 3632 3629 3626 3623 3619 3616 3612 3608 3603 3597 3588 3577 3565 3553 3539 3523 3507 3490 3473 3455 3432 3410 3389 3370 3353 3341 3331 3321 3311 3300 3283 3265 3248 3231 3216 3198 3180 3164 3149 3137 3128 3119 3110 3100 3089 3081 3075 3070 3065 3059 3051 3043 3035 3026 3018
3662 3660 3657 3654 3652 3649 3646 3644 3642 3641 3640 3639 3639 3638 3635 3634 3633 3633 3634 3636 3637 3639 3640 3640 3639 3638 3637 3635 3634 3632 3631 3628 3624 3620 3615 3609 3603 3597 3590 3579 3567 3555 3541 3527 3511 3495 3479 3462 3444 3423 3402 3380 3360 3341 3326 3313 3303 3294 3286 3271 3256 3240 3224 3210 3194 3177 3161 3145 3130 3118 3108 3098 3088 3079 3071 3065 3059 3055 3050 3043 3035 3026 3017 3008
3666 3664 3661 3659 3656 3652 3649 3646 3643 3641 3640 3640 3639 3638 3636 3635 3635 3636 3638 3640 3641 3642 3642 3641 3640 3639 3637 3636 3635 3634 3633 3630 3625 3619 3613 3606 3598 3590 3581 3569 3556 3543 3528 3513 3497 3481 3465 3447 3430 3412 3392 3371 3350 3330 3312 3297 3286 3277 3270 3258 3245 3232 3217 3202 3188 3172 3157 3141 3124 3110 3098 3088 3078 3069 3061 3055 3049 3045 3041 3035 3027 3018 3009 3001
3670 3668 3666 3663 3659 3656 3652 3648 3644 3642 3641 3640 3639 3639 3638 3637 3638 3640 3642 3643 3645 3645 3644 3642 3641 3640 3639 3638 3637 3636 3634 3631 3625 3617 3609 3600 3591 3582 3571 3558 3544 3530 3514 3498 3482 3465 3448 3431 3415 3398 3380 3361 3340 3320 3301 3284 3270 3260 3252 3243 3233 3221 3207 3192 3179 3164 3150 3134 3117 3102 3089 3079 3069 3060 3052 3045 3039 3035 3031 3026 3019 3011 3004 2996
3674 3672 3670 3667 3662 3658 3654 3649 3646 3644 3642 3641 3640 3640 3640 3640 3642 3644 3646 3647 3647 3647 3645 3644 3642 3641 3641 3640 3640 3638 3636 3631 3623 3613 3604 3594 3583 3572 3560 3546 3531 3516 3500 3483 3466 3448 3431 3414 3399 3385 3368 3350 3330 3310 3291 3273 3257 3244 3234 3226 3218 3208 3196 3182 3168 3154 3140 3125 3109 3094 3082 3071 3062 3053 3044 3036 3029 3025 3021 3017 3012 3006 2999 2992
3677 3676 3674 3670 3665 3660 3655 3650 3647 3645 3643 3642 3641 3641 3642 3644 3646 3648 3650 3651 3650 3648 3647 3645 3644 3643 3643 3642 3641 3639 3636 3630 3621 3608 3597 3586 3574 3561 3548 3533 3518 3503 3486 3468 3449 3431 3414 3399 3385 3371 3356 3338 3319 3300 3282 3263 3246 3230 3218 3209 3201 3193 3183 3170 3156 3143 3129 3114 3099 3086 3074 3064 3055 3046 3037 3028 3021 3015 3011 3008 3005 3000 2995 2988
3678 3677 3674 3670 3665 3660 3655 3652 3650 3649 3648 3646 3645 3645 3647 3648 3650 3652 3655 3655 3654 3652 3651 3649 3648 3647 3647 3645 3643 3638 3633 3625 3614 3601 3588 3576 3563 3550 3535 3520 3504 3488 3470 3451 3433 3416 3401 3386 3373 3360 3344 3327 3308 3290 3273 3256 3239 3223 3207 3195 3185 3177 3168 3157 3144 3131 3118 3105 3090 3078 3068 3058 3050 3042 3034 3025 3017 3010 3005 3001 2998 2994 2988 2981
3678 3676 3673 3669 3665 3661 3658 3656 3655 3655 3654 3653 3652 3651 3652 3653 3655 3657 3659 3659 3659 3657 3656 3654 3652 3651 3649 3647 3643 3636 3628 3617 3605 3592 3579 3565 3552 3537 3522 3506 3490 3473 3455 3435 3417 3401 3386 3372 3359 3346 3331 3314 3296 3278 3262 3247 3231 3214 3197 3183 3170 3161 3152 3143 3131 3119 3107 3094 3080 3070 3060 3052 3045 3037 3030 3022 3015 3007 3000 2996 2992 2987 2981 2974
3677 3675 3672 3669 3666 3663 3661 3660 3661 3662 3662 3661 3660 3657 3658 3659 3660 3662 3663 3664 3664 3663 3662 3659 3657 3654 3650 3646 3640 3631 3621 3609 3596 3582 3568 3553 3539 3523 3507 3491 3475 3458 3439 3419 3401 3385 3370 3355 3342 3329 3315 3299 3282 3266 3251 3236 3220 3204 3188 3171 3157 3146 3136 3128 3117 3107 3095 3082 3070 3060 3052 3045 3039 3033 3026 3019 3012 3005 2998 2991 2986 2980 2973 2966
3675 3674 3672 3669 3667 3666 3665 3665 3667 3668 3669 3669 3666 3664 3664 3665 3666 3667 3668 3669 3669 3669 3667 3664 3660 3654 3649 3643 3636 3625 3613 3600 3586 3572 3557 3542 3526 3509 3493 3476 3460 3443 3425 3405 3387 3369 3353 3338 3324 3311 3298 3283 3267 3252 3238 3224 3209 3194 3178 3161 3145 3131 3121 3113 3104 3094 3083 3070 3059 3050 3043 3037 3032 3027 3020 3014 3008 3002 2995 2988 2981 2974 2967 2960
3675 3674 3673 3671 3670 3669 3669 3670 3672 3674 3674 3674 3671 3669 3669 3670 3671 3672 3672 3673 3674 3673 3671 3667 3660 3652 3645 3637 3629 3617 3604 3591 3577 3562 3547 3531 3514 3496 3479 3462 3445 3428 3411 3393 3374 3355 3338 3322 3308 3295 3282 3268 3252 3237 3225 3211 3198 3183 3168 3151 3134 3119 3107 3097 3090 3081 3071 3059 3047 3039 3032 3027 3023 3019 3014 3009 3004 2998 2993 2985 2977 2969 2962 2955
3677 3677 3676 3674 3674 3674 3674 3675 3676 3677 3676 3675 3674 3673 3673 3674 3674 3674 3675 3674 3673 3671 3668 3663 3655 3646 3638 3628 3618 3606 3593 3579 3566 3552 3536 3519 3501 3483 3465 3449 3432 3415 3398 3381 3363 3345 3328 3312 3297 3282 3268 3253 3239 3224 3211 3198 3185 3172 3158 3141 3124 3108 3095 3085 3079 3071 3061 3049 3037 3028 3021 3016 3013 3010 3006 3002 2998 2993 2988 2981 2974 2966 2959 2953
3679 3678 3677 3677 3677 3677 3677 3678 3678 3678 3678 3677 3676 3676 3676 3676 3676 3676 3676 3674 3671 3667 3662 3656 3648 3640 3630 3620 3608 3595 3582 3569 3555 3541 3524 3505 3487 3469 3452 3435 3419 3402 3385 3368 3351 3334 3317 3301 3285 3269 3254 3240 3226 3211 3198 3185 3172 3159 3146 3130 3113 3098 3085 3074 3068 3062 3053 3042 3030 3020 3013 3007 3004 3001 2999 2996 2992 2988 2983 2976 2970 2963 2957 2951
3679 3679 3678 3677 3678 3678 3679 3679 3679 3679 3679 3678 3678 3678 3678 3678 3677 3677 3676 3673 3668 3662 3656 3648 3640 3631 3622 3611 3598 3586 3573 3559 3544 3529 3510 3492 3473 3456 3439 3422 3406 3390 3373 3356 3339 3322 3306 3290 3274 3257 3241 3227 3213 3199 3184 3170 3157 3144 3132 3117 3102 3088 3076 3065 3059 3053 3045 3036 3025 3015 3007 3001 2997 2994 2991 2989 2986 2982 2978 2972 2967 2961 2955 2949
3678 3678 3678 3677 3678 3678 3679 3679 3680 3679 3679 3679 3679 3679 3679 3679 3678 3677 3675 3671 3665 3657 3649 3640 3631 3622 3612 3601 3589 3576 3564 3550 3534 3516 3496 3478 3460 3443 3426 3410 3394 3378 3362 3345 3327 3310 3294 3278 3262 3246 3230 3215 3201 3188 3171 3155 3141 3128 3116 3104 3091 3079 3068 3057 3050 3044 3038 3031 3022 3012 3004 2997 2992 2987 2985 2982 2980 2977 2973 2969 2964 2958 2953 2947
3677 3677 3677 3677 3677 3678 3678 3679 3679 3680 3680 3680 3679 3679 3679 3679 3678 3676 3673 3668 3660 3651 3641 3632 3621 3612 3601 3591 3579 3567 3554 3539 3522 3502 3482 3464 3447 3430 3414 3398 3383 3367 3351 3334 3317 3299 3282 3266 3250 3234 3219 3204 3190 3176 3158 3140 3124 3111 3100 3090 3080 3070 3060 3049 3042 3036 3031 3025 3018 3009 3001 2994 2987 2982 2978 2976 2973 2971 2969 2965 2961 2956 2951 2945
3673 3673 3674 3675 3676 3676 3677 3678 3679 3679 3679 3679 3679 3678 3677 3677 3676 3673 3669 3662 3654 3645 3635 3624 3613 3603 3592 3581 3569 3556 3541 3525 3507 3486 3468 3451 3435 3419 3403 3388 3373 3358 3341 3324 3307 3290 3273 3256 3239 3224 3210 3196 3182 3166 3147 3128 3111 3098 3088 3080 3071 3061 3051 3043 3036 3029 3024 3018 3012 3006 2999 2993 2986 2978 2974 2970 2967 2966 2964 2961 2957 2953 2948 2943
3669 3669 3670 3671 3672 3673 3674 3676 3676 3676 3676 3675 3675 3674 3673 3672 3671 3668 3663 3656 3648 3638 3627 3615 3605 3594 3582 3571 3559 3544 3528 3511 3491 3470 3453 3438 3423 3408 3392 3377 3363 3347 3330 3312 3295 3279 3263 3246 3228 3213 3199 3186 3171 3156 3137 3118 3102 3088 3079 3071 3062 3052 3044 3036 3029 3023 3017 3012 3007 3002 2996 2991 2983 2975 2970 2965 2962 2960 2959 2957 2954 2949 2945 2940
3665 3664 3665 3665 3666 3667 3669 3670 3670 3670 3669 3668 3667 3666 3664 3664 3663 3660 3655 3649 3640 3631 3619 3607 3596 3584 3572 3560 3548 3532 3514 3496 3476 3455 3440 3426 3412 3398 3382 3366 3351 3335 3317 3299 3283 3268 3252 3235 3218 3202 3188 3173 3159 3144 3127 3110 3094 3081 3070 3062 3053 3044 3036 3029 3023 3017 3011 3006 3002 2997 2992 2987 2980 2972 2966 2962 2958 2956 2955 2953 2950 2946 2942 2938
