data/dem/DEM_30_0000768000_0009816000.asc
ncols 800
nrows 800
xllcenter 768015.000000
yllcenter -183985.000000
cellsize 30.000000
nodata_value -9999
[rows 760 to 797 of 800, columns 0 to 83 of 800]
2699 2694 2690 2688 2686 2684 2683 2680 2676 2670 2662 2653 2643 2631 2618 2604 2591 2577 2565 2554 2542 2530 2519 2509 2500 2491 2482 2474 2465 2457 2454 2456 2463 2473 2484 2494 2503 2509 2512 2514 2515 2514 2512 2508 2504 2501 2501 2504 2514 2530 2548 2563 2575 2586 2598 2610 2624 2640 2653 2665 2673 2679 2681 2683 2685 2686 2687 2688 2689 2690 2691 2693 2694 2695 2696 2697 2698 2699 2701 2702 2703 2704 2706 2707
2701 2697 2694 2693 2693 2693 2693 2692 2687 2680 2671 2661 2649 2637 2624 2610 2596 2582 2570 2557 2545 2532 2519 2508 2498 2488 2480 2473 2467 2462 2461 2464 2471 2480 2490 2499 2506 2510 2513 2515 2516 2515 2513 2508 2504 2503 2506 2512 2524 2539 2554 2568 2580 2592 2604 2618 2632 2648 2660 2669 2676 2680 2683 2684 2685 2687 2688 2689 2690 2691 2692 2693 2694 2695 2697 2698 2699 2700 2701 2703 2704 2705 2707 2708
2705 2702 2700 2700 2701 2702 2703 2704 2698 2690 2679 2667 2655 2642 2629 2615 2600 2586 2573 2560 2546 2533 2519 2507 2496 2486 2479 2474 2470 2468 2469 2472 2478 2486 2495 2503 2510 2513 2514 2515 2516 2516 2513 2509 2507 2508 2513 2524 2536 2547 2559 2571 2584 2597 2611 2625 2640 2656 2666 2674 2679 2682 2684 2685 2686 2687 2689 2690 2691 2692 2693 2694 2695 2696 2697 2698 2699 2701 2702 2703 2704 2706 2707 2709
2710 2707 2706 2707 2708 2710 2710 2710 2705 2697 2686 2673 2660 2647 2633 2618 2603 2588 2574 2560 2547 2533 2520 2507 2495 2485 2479 2476 2474 2474 2476 2480 2485 2493 2501 2508 2513 2515 2515 2515 2515 2515 2514 2512 2512 2516 2524 2535 2545 2553 2562 2573 2586 2600 2615 2630 2644 2658 2668 2675 2680 2683 2685 2686 2687 2688 2689 2691 2692 2693 2694 2695 2696 2697 2698 2699 2700 2701 2703 2704 2705 2706 2708 2709
2715 2713 2712 2713 2714 2715 2715 2713 2709 2701 2690 2677 2664 2650 2635 2620 2605 2591 2576 2562 2548 2534 2520 2507 2495 2486 2481 2478 2479 2480 2483 2487 2493 2500 2507 2513 2517 2517 2517 2516 2514 2514 2512 2513 2517 2523 2533 2544 2552 2558 2565 2575 2587 2602 2618 2632 2645 2658 2668 2675 2680 2683 2685 2687 2688 2689 2690 2691 2692 2693 2694 2696 2696 2698 2699 2700 2701 2702 2703 2704 2705 2707 2708 2709
2720 2718 2717 2718 2719 2719 2718 2715 2711 2703 2691 2678 2665 2651 2637 2622 2607 2593 2579 2564 2550 2535 2519 2506 2495 2488 2483 2482 2483 2486 2490 2495 2501 2507 2513 2518 2520 2520 2518 2516 2514 2512 2510 2514 2520 2529 2540 2552 2558 2564 2570 2579 2590 2604 2619 2633 2646 2657 2667 2674 2679 2683 2685 2687 2688 2690 2691 2692 2693 2694 2695 2696 2697 2698 2699 2700 2701 2702 2704 2705 2706 2707 2708 2710
2723 2722 2721 2721 2721 2721 2718 2715 2710 2701 2690 2678 2665 2651 2637 2623 2609 2596 2581 2566 2551 2535 2517 2504 2495 2489 2486 2485 2489 2493 2498 2503 2509 2514 2518 2521 2523 2523 2521 2518 2514 2510 2508 2514 2523 2535 2547 2560 2566 2571 2577 2585 2595 2607 2620 2633 2645 2655 2665 2672 2678 2682 2685 2687 2689 2690 2691 2693 2694 2695 2696 2697 2698 2699 2700 2701 2702 2703 2704 2705 2706 2707 2709 2710
2727 2726 2724 2724 2723 2721 2718 2714 2707 2698 2687 2676 2663 2649 2636 2622 2609 2596 2582 2567 2551 2533 2514 2502 2495 2491 2489 2489 2494 2500 2507 2512 2516 2519 2522 2524 2525 2525 2523 2519 2514 2509 2505 2513 2526 2541 2555 2569 2575 2581 2586 2593 2602 2612 2622 2633 2643 2653 2662 2670 2675 2681 2685 2687 2689 2690 2692 2693 2694 2695 2697 2698 2699 2700 2701 2701 2702 2703 2704 2705 2707 2708 2709 2710
2728 2726 2724 2723 2722 2720 2716 2711 2703 2693 2681 2669 2655 2643 2630 2617 2604 2592 2578 2562 2546 2528 2509 2499 2494 2492 2491 2493 2500 2507 2513 2517 2520 2523 2525 2527 2528 2529 2527 2523 2517 2510 2505 2516 2531 2548 2564 2579 2587 2594 2601 2609 2617 2623 2630 2638 2646 2655 2664 2672 2678 2682 2686 2688 2690 2691 2693 2694 2695 2697 2698 2699 2700 2701 2702 2703 2703 2704 2705 2706 2707 2708 2709 2710
2727 2725 2722 2721 2719 2717 2713 2707 2697 2685 2673 2659 2644 2632 2620 2607 2595 2583 2569 2554 2537 2520 2503 2496 2493 2492 2494 2498 2505 2511 2517 2522 2525 2528 2530 2532 2534 2535 2533 2529 2522 2514 2509 2521 2536 2554 2571 2587 2598 2607 2616 2624 2631 2635 2640 2645 2652 2661 2669 2675 2680 2684 2687 2689 2691 2692 2694 2695 2696 2698 2699 2700 2701 2702 2703 2704 2704 2705 2706 2707 2708 2709 2710 2711
2726 2722 2720 2718 2716 2713 2708 2702 2690 2677 2662 2647 2632 2619 2606 2593 2581 2570 2557 2542 2527 2512 2498 2493 2492 2494 2497 2502 2509 2516 2521 2526 2531 2534 2537 2539 2541 2542 2540 2535 2529 2523 2520 2530 2544 2559 2576 2593 2606 2618 2628 2636 2643 2647 2650 2654 2660 2667 2674 2679 2683 2686 2688 2690 2692 2693 2695 2696 2697 2699 2700 2701 2702 2703 2704 2705 2706 2706 2707 2708 2709 2710 2710 2711
2723 2720 2716 2714 2711 2708 2703 2695 2682 2668 2652 2636 2619 2604 2589 2576 2564 2553 2541 2528 2515 2504 2494 2492 2493 2496 2501 2507 2513 2519 2525 2531 2536 2540 2544 2547 2548 2548 2545 2540 2537 2535 2536 2543 2553 2564 2579 2596 2612 2626 2638 2646 2653 2657 2660 2663 2668 2674 2678 2682 2685 2688 2690 2691 2693 2695 2696 2697 2698 2700 2701 2702 2703 2704 2705 2706 2707 2707 2708 2709 2710 2710 2711 2712
2721 2717 2713 2710 2706 2702 2696 2688 2675 2660 2644 2626 2608 2589 2573 2559 2547 2536 2524 2513 2503 2496 2491 2492 2495 2499 2505 2511 2517 2523 2530 2536 2542 2546 2551 2553 2554 2552 2547 2544 2545 2549 2557 2560 2564 2570 2581 2598 2616 2632 2644 2655 2663 2667 2669 2672 2675 2679 2682 2685 2687 2689 2691 2693 2694 2696 2697 2699 2700 2701 2702 2703 2704 2705 2706 2707 2708 2709 2709 2710 2711 2711 2712 2713
2719 2715 2710 2706 2701 2697 2691 2683 2670 2655 2639 2621 2600 2581 2563 2547 2533 2520 2509 2501 2495 2493 2492 2494 2498 2503 2508 2515 2522 2529 2536 2542 2547 2550 2553 2554 2554 2553 2548 2548 2554 2563 2572 2574 2575 2578 2586 2600 2618 2633 2646 2658 2668 2672 2674 2676 2678 2682 2684 2686 2688 2690 2692 2694 2695 2697 2698 2700 2701 2702 2703 2704 2705 2706 2707 2708 2709 2710 2711 2711 2712 2712 2713 2714
2717 2712 2707 2702 2697 2692 2686 2678 2666 2652 2636 2617 2596 2576 2557 2539 2524 2510 2500 2494 2491 2491 2493 2496 2500 2505 2511 2518 2526 2534 2541 2546 2550 2552 2553 2552 2552 2551 2548 2552 2562 2575 2584 2586 2586 2587 2592 2603 2618 2633 2646 2659 2669 2673 2675 2678 2680 2682 2684 2686 2688 2690 2692 2694 2696 2698 2699 2701 2702 2703 2704 2705 2706 2707 2708 2710 2710 2711 2712 2712 2713 2713 2714 2715
2714 2709 2704 2699 2694 2688 2682 2674 2662 2649 2634 2616 2595 2574 2555 2536 2519 2504 2495 2491 2490 2492 2494 2498 2502 2507 2513 2520 2529 2537 2544 2549 2552 2551 2550 2549 2548 2547 2549 2560 2575 2590 2599 2600 2599 2598 2599 2605 2619 2633 2646 2657 2667 2671 2674 2677 2679 2681 2683 2685 2687 2690 2692 2695 2697 2698 2700 2702 2703 2705 2706 2706 2707 2709 2710 2711 2712 2712 2713 2714 2714 2715 2715 2716
2710 2705 2700 2696 2691 2685 2678 2670 2658 2646 2632 2615 2595 2575 2555 2535 2517 2502 2494 2490 2490 2492 2496 2500 2504 2509 2515 2522 2531 2540 2547 2551 2551 2549 2547 2545 2544 2544 2554 2572 2592 2608 2616 2615 2612 2609 2607 2609 2620 2633 2645 2655 2664 2668 2671 2674 2676 2678 2681 2683 2686 2689 2692 2695 2697 2700 2701 2703 2705 2706 2707 2708 2709 2710 2711 2712 2713 2714 2714 2715 2715 2716 2716 2717
2706 2702 2698 2693 2688 2682 2675 2666 2655 2643 2630 2614 2595 2576 2556 2537 2519 2502 2494 2490 2490 2493 2497 2501 2505 2510 2516 2523 2533 2542 2549 2552 2550 2545 2542 2540 2541 2544 2565 2590 2612 2627 2634 2631 2627 2621 2615 2612 2622 2633 2644 2653 2660 2664 2667 2671 2673 2675 2678 2682 2685 2689 2693 2696 2699 2701 2703 2705 2706 2708 2709 2710 2711 2712 2713 2714 2714 2715 2715 2716 2717 2717 2718 2718
2704 2700 2695 2690 2685 2679 2672 2662 2650 2638 2624 2609 2591 2574 2556 2538 2520 2504 2496 2492 2491 2493 2497 2501 2506 2511 2517 2524 2534 2543 2550 2553 2552 2546 2541 2541 2545 2555 2582 2609 2630 2644 2649 2644 2638 2631 2623 2618 2623 2632 2642 2650 2656 2660 2664 2668 2671 2674 2678 2681 2685 2689 2693 2697 2700 2703 2705 2707 2708 2710 2711 2712 2713 2713 2715 2716 2716 2716 2717 2718 2718 2719 2719 2720
2702 2698 2694 2688 2683 2676 2668 2658 2645 2632 2618 2602 2586 2570 2553 2536 2520 2505 2496 2492 2491 2493 2497 2501 2506 2511 2518 2526 2535 2543 2548 2552 2552 2546 2542 2543 2553 2571 2600 2626 2646 2658 2661 2656 2649 2641 2633 2626 2627 2632 2639 2647 2653 2657 2662 2666 2670 2674 2678 2682 2687 2691 2695 2699 2702 2705 2708 2709 2711 2712 2713 2714 2715 2716 2717 2718 2718 2718 2719 2720 2720 2721 2721 2722
2702 2697 2692 2687 2681 2674 2665 2653 2640 2626 2611 2596 2581 2565 2549 2533 2518 2504 2496 2491 2490 2492 2496 2500 2505 2511 2518 2526 2536 2542 2546 2548 2549 2546 2544 2549 2565 2592 2619 2642 2659 2667 2669 2665 2659 2651 2643 2634 2632 2634 2639 2645 2651 2656 2661 2666 2671 2675 2680 2684 2689 2693 2697 2701 2705 2708 2711 2712 2713 2715 2716 2717 2717 2718 2719 2720 2720 2720 2721 2722 2723 2723 2724 2726
2701 2697 2692 2686 2680 2673 2662 2649 2634 2619 2605 2590 2576 2561 2546 2530 2516 2503 2495 2490 2489 2491 2494 2499 2503 2509 2517 2526 2535 2541 2543 2543 2545 2546 2550 2561 2584 2614 2638 2656 2668 2674 2675 2672 2667 2660 2651 2643 2639 2639 2641 2646 2651 2656 2661 2666 2672 2677 2682 2687 2691 2696 2700 2704 2708 2711 2714 2715 2716 2717 2718 2719 2720 2720 2721 2722 2723 2723 2724 2725 2726 2727 2728 2730
2701 2696 2691 2685 2679 2671 2658 2644 2628 2613 2599 2585 2570 2557 2543 2529 2516 2504 2495 2489 2488 2489 2492 2497 2502 2508 2515 2523 2533 2538 2539 2538 2539 2547 2561 2582 2608 2636 2654 2667 2674 2677 2678 2676 2673 2667 2659 2650 2647 2645 2646 2648 2652 2657 2662 2667 2673 2678 2683 2689 2694 2698 2703 2707 2711 2715 2717 2719 2719 2720 2721 2722 2723 2723 2724 2724 2725 2726 2727 2728 2729 2730 2731 2733
2702 2697 2690 2684 2677 2667 2654 2639 2625 2611 2597 2583 2569 2559 2547 2535 2522 2510 2500 2493 2489 2488 2490 2494 2499 2505 2512 2521 2529 2533 2534 2532 2535 2553 2576 2601 2626 2649 2663 2672 2677 2679 2679 2677 2674 2669 2663 2656 2653 2651 2651 2652 2656 2659 2664 2668 2673 2678 2683 2689 2694 2700 2705 2710 2714 2717 2719 2721 2722 2723 2724 2725 2726 2726 2727 2728 2729 2730 2731 2731 2732 2733 2734 2736
2703 2697 2690 2684 2676 2666 2653 2639 2625 2612 2599 2587 2574 2565 2555 2543 2530 2517 2507 2498 2492 2488 2488 2492 2497 2503 2510 2518 2526 2531 2532 2531 2533 2559 2586 2613 2636 2656 2667 2674 2678 2679 2679 2677 2675 2670 2665 2660 2657 2655 2655 2656 2659 2663 2667 2670 2674 2678 2683 2689 2695 2701 2707 2712 2716 2719 2722 2724 2725 2726 2727 2728 2729 2729 2730 2731 2732 2733 2734 2735 2735 2736 2737 2738
2704 2698 2692 2685 2677 2668 2656 2642 2630 2619 2607 2597 2586 2576 2565 2552 2538 2525 2513 2504 2495 2490 2487 2490 2495 2500 2506 2515 2523 2530 2533 2533 2536 2565 2594 2620 2641 2658 2668 2674 2677 2679 2678 2677 2674 2671 2667 2663 2661 2659 2659 2661 2664 2668 2671 2674 2678 2681 2685 2691 2697 2703 2709 2714 2718 2721 2724 2726 2727 2728 2729 2730 2731 2732 2733 2734 2735 2736 2737 2738 2739 2739 2740 2741
2706 2700 2694 2687 2680 2671 2660 2649 2639 2629 2619 2611 2601 2590 2577 2562 2547 2532 2520 2508 2499 2492 2488 2489 2492 2497 2503 2510 2519 2528 2535 2536 2542 2571 2598 2622 2642 2657 2667 2673 2677 2678 2678 2676 2674 2672 2669 2666 2665 2664 2664 2666 2669 2673 2676 2680 2683 2685 2690 2695 2701 2707 2713 2717 2720 2723 2726 2728 2729 2730 2731 2733 2734 2735 2736 2737 2738 2740 2741 2741 2742 2742 2743 2744
2709 2702 2696 2690 2683 2675 2667 2658 2650 2642 2634 2626 2618 2604 2589 2573 2556 2539 2525 2513 2503 2495 2489 2488 2490 2493 2498 2505 2513 2524 2532 2539 2551 2577 2601 2621 2639 2654 2664 2671 2676 2677 2677 2676 2675 2673 2671 2669 2669 2669 2669 2671 2674 2678 2682 2686 2689 2692 2696 2700 2705 2711 2716 2720 2723 2725 2728 2729 2731 2732 2734 2735 2736 2738 2739 2740 2741 2743 2744 2745 2745 2746 2746 2747
2711 2705 2700 2693 2686 2680 2674 2669 2663 2656 2649 2641 2632 2617 2601 2582 2563 2543 2529 2518 2508 2500 2492 2489 2488 2489 2493 2498 2505 2514 2525 2538 2554 2576 2595 2612 2629 2645 2655 2663 2669 2673 2674 2673 2674 2674 2674 2673 2673 2674 2675 2677 2679 2684 2688 2693 2697 2700 2704 2708 2712 2716 2720 2723 2725 2728 2729 2731 2733 2734 2736 2737 2739 2740 2742 2743 2744 2746 2747 2748 2749 2749 2749 2750
2714 2708 2703 2697 2691 2685 2681 2678 2674 2668 2662 2653 2643 2627 2609 2589 2567 2546 2532 2522 2512 2504 2496 2491 2488 2488 2490 2494 2498 2507 2519 2534 2551 2568 2584 2600 2616 2631 2641 2651 2658 2664 2667 2668 2671 2673 2675 2676 2677 2679 2680 2683 2686 2690 2695 2700 2704 2708 2712 2715 2718 2721 2723 2726 2728 2730 2732 2733 2735 2736 2738 2739 2741 2743 2744 2746 2747 2748 2750 2751 2752 2753 2753 2753
2716 2712 2707 2701 2696 2691 2688 2685 2681 2676 2670 2660 2648 2631 2613 2592 2569 2546 2533 2523 2514 2506 2499 2494 2490 2488 2488 2491 2494 2502 2514 2529 2544 2557 2571 2585 2599 2613 2624 2634 2643 2650 2656 2661 2665 2670 2674 2677 2679 2682 2685 2688 2692 2697 2702 2707 2711 2715 2718 2721 2723 2725 2727 2729 2731 2732 2734 2735 2737 2738 2740 2741 2743 2745 2746 2748 2750 2751 2753 2755 2756 2756 2757 2757
2719 2715 2710 2705 2701 2697 2693 2689 2685 2680 2673 2663 2650 2633 2614 2593 2569 2546 2533 2522 2514 2506 2501 2496 2492 2489 2488 2489 2493 2501 2511 2523 2535 2545 2556 2568 2579 2590 2602 2614 2624 2633 2642 2649 2657 2665 2671 2675 2679 2684 2689 2694 2699 2704 2709 2713 2717 2720 2723 2725 2728 2729 2731 2732 2734 2735 2736 2738 2739 2741 2742 2744 2745 2747 2748 2750 2752 2754 2756 2758 2759 2760 2761 2761
2720 2717 2713 2709 2704 2700 2696 2691 2686 2680 2673 2662 2649 2632 2614 2592 2569 2546 2533 2522 2513 2507 2502 2497 2494 2491 2489 2489 2494 2501 2511 2520 2528 2533 2541 2549 2557 2565 2578 2592 2604 2615 2624 2636 2647 2657 2665 2671 2677 2683 2690 2697 2704 2710 2715 2718 2722 2725 2727 2730 2732 2733 2734 2736 2737 2738 2739 2740 2742 2743 2744 2746 2747 2749 2750 2752 2754 2757 2759 2761 2764 2765 2766 2765
2720 2717 2713 2709 2705 2701 2696 2690 2682 2673 2664 2653 2642 2627 2610 2591 2569 2547 2533 2522 2513 2507 2502 2499 2496 2495 2494 2495 2501 2509 2518 2526 2532 2534 2536 2538 2541 2545 2558 2571 2584 2597 2610 2623 2636 2647 2656 2664 2671 2678 2686 2696 2705 2712 2718 2722 2726 2729 2731 2733 2735 2737 2738 2739 2740 2741 2742 2743 2744 2746 2747 2748 2749 2751 2752 2755 2757 2760 2763 2766 2768 2770 2771 2771
2717 2714 2710 2706 2702 2699 2694 2689 2679 2667 2654 2643 2632 2619 2604 2587 2567 2545 2532 2521 2513 2507 2503 2501 2499 2499 2501 2504 2512 2520 2529 2537 2543 2543 2542 2540 2539 2540 2549 2560 2572 2584 2597 2611 2625 2637 2648 2657 2666 2674 2683 2694 2705 2714 2720 2725 2729 2732 2734 2737 2739 2741 2742 2743 2744 2745 2746 2746 2747 2748 2749 2751 2752 2753 2755 2757 2760 2763 2767 2770 2773 2775 2777 2776
2712 2708 2704 2701 2698 2695 2691 2686 2675 2661 2647 2633 2621 2608 2595 2580 2562 2542 2530 2521 2513 2508 2504 2503 2503 2505 2508 2514 2523 2533 2543 2551 2557 2557 2556 2553 2550 2549 2554 2561 2568 2577 2587 2601 2614 2627 2639 2651 2661 2671 2682 2693 2705 2714 2721 2727 2731 2734 2737 2740 2742 2744 2746 2747 2747 2748 2749 2749 2750 2751 2752 2754 2755 2756 2758 2761 2764 2767 2771 2775 2778 2781 2782 2782
2703 2700 2697 2695 2693 2690 2687 2682 2671 2657 2642 2626 2610 2597 2584 2570 2555 2539 2528 2520 2513 2509 2506 2506 2507 2510 2515 2523 2535 2547 2558 2566 2572 2574 2575 2573 2571 2568 2569 2571 2573 2575 2580 2592 2604 2616 2630 2644 2657 2669 2681 2693 2705 2715 2722 2727 2732 2736 2739 2743 2746 2748 2750 2751 2751 2752 2752 2753 2753 2754 2755 2757 2758 2759 2761 2764 2768 2772 2777 2781 2784 2786 2788 2788
2691 2689 2688 2687 2686 2684 2681 2677 2667 2654 2638 2621 2603 2587 2573 2559 2546 2534 2526 2519 2514 2510 2508 2509 2512 2516 2523 2532 2547 2560 2572 2581 2588 2591 2593 2594 2593 2591 2589 2586 2582 2579 2577 2585 2595 2607 2622 2639 2654 2667 2680 2692 2705 2715 2722 2728 2733 2737 2741 2745 2748 2751 2754 2755 2755 2756 2756 2756 2757 2758 2759 2760 2761 2763 2765 2769 2773 2778 2782 2786 2790 2792 2793 2794
