data/dem/DEM_30_0000672000_0009696000.asc
ncols 800
nrows 800
xllcenter 672015.000000
yllcenter -303985.000000
cellsize 30.000000
nodata_value -9999
[rows 429 to 467 of 800, columns 344 to 429 of 800]
1901 1887 1872 1858 1839 1823 1809 1802 1799 1799 1799 1800 1800 1798 1790 1782 1774 1767 1762 1756 1748 1739 1727 1715 1703 1692 1684 1678 1673 1667 1662 1659 1658 1658 1659 1661 1662 1662 1661 1662 1662 1661 1660 1659 1660 1662 1666 1672 1681 1693 1704 1715 1723 1730 1737 1744 1751 1755 1757 1757 1756 1754 1748 1740 1726 1710 1694 1677 1660 1639 1619 1598 1579 1561 1546 1533 1522 1511 1501 1487 1471 1454 1437 1422 1408 1394
1909 1894 1879 1863 1846 1831 1819 1814 1815 1816 1818 1820 1819 1817 1809 1800 1791 1783 1776 1767 1758 1748 1737 1725 1715 1706 1700 1695 1691 1687 1684 1682 1681 1680 1680 1681 1682 1681 1680 1681 1682 1681 1680 1680 1680 1681 1684 1689 1695 1706 1717 1727 1736 1744 1752 1760 1767 1772 1774 1773 1770 1766 1759 1749 1734 1717 1700 1682 1664 1645 1624 1604 1586 1569 1557 1545 1535 1525 1515 1500 1483 1465 1448 1432 1417 1403
1916 1901 1885 1869 1853 1839 1830 1827 1830 1833 1837 1838 1838 1835 1828 1819 1809 1799 1789 1778 1768 1758 1747 1736 1728 1722 1717 1714 1710 1707 1706 1705 1704 1702 1701 1702 1702 1702 1701 1702 1702 1701 1700 1700 1700 1701 1703 1706 1711 1720 1730 1740 1750 1758 1767 1775 1782 1787 1789 1787 1783 1777 1767 1755 1739 1723 1705 1687 1669 1650 1630 1610 1593 1579 1568 1558 1548 1537 1526 1510 1493 1476 1458 1440 1424 1409
1923 1907 1891 1875 1860 1848 1841 1840 1844 1850 1854 1857 1857 1854 1846 1837 1826 1815 1802 1790 1778 1768 1758 1749 1743 1739 1736 1733 1729 1728 1728 1728 1725 1723 1723 1723 1724 1724 1724 1724 1724 1723 1721 1720 1720 1720 1722 1724 1727 1734 1743 1753 1763 1773 1781 1788 1795 1800 1802 1799 1794 1786 1775 1761 1744 1727 1709 1690 1672 1654 1635 1617 1601 1590 1579 1568 1558 1547 1535 1519 1502 1484 1466 1448 1431 1415
1930 1914 1898 1882 1869 1860 1855 1856 1860 1865 1869 1871 1871 1869 1862 1854 1843 1830 1816 1802 1791 1782 1773 1766 1762 1760 1758 1754 1749 1748 1749 1748 1746 1743 1743 1744 1746 1748 1748 1747 1746 1744 1742 1741 1740 1740 1741 1742 1744 1749 1757 1767 1777 1786 1793 1801 1807 1811 1812 1807 1801 1792 1780 1765 1746 1727 1707 1688 1671 1656 1640 1625 1610 1598 1587 1575 1563 1551 1539 1524 1508 1491 1472 1453 1436 1418
1939 1923 1907 1892 1881 1874 1872 1873 1877 1881 1884 1886 1886 1883 1878 1871 1860 1847 1831 1817 1806 1797 1789 1784 1782 1781 1779 1775 1769 1768 1768 1768 1766 1763 1764 1766 1769 1770 1770 1769 1768 1766 1763 1762 1761 1760 1761 1762 1763 1767 1774 1783 1793 1801 1807 1813 1819 1822 1821 1814 1806 1796 1784 1769 1748 1727 1706 1687 1671 1658 1646 1632 1619 1605 1594 1581 1568 1556 1544 1529 1513 1496 1477 1458 1440 1423
1950 1934 1919 1905 1896 1890 1889 1891 1894 1897 1901 1903 1902 1899 1894 1886 1875 1862 1847 1833 1822 1813 1807 1804 1803 1802 1799 1795 1789 1788 1789 1788 1787 1784 1786 1789 1791 1793 1793 1792 1791 1788 1785 1782 1782 1781 1782 1783 1784 1787 1794 1802 1810 1818 1822 1826 1829 1831 1829 1820 1810 1799 1786 1771 1750 1728 1707 1688 1673 1662 1651 1639 1626 1614 1601 1588 1575 1561 1549 1533 1517 1500 1481 1462 1446 1430
1962 1947 1933 1920 1913 1908 1907 1908 1911 1914 1918 1920 1919 1915 1909 1900 1890 1877 1863 1850 1839 1830 1826 1825 1824 1822 1819 1815 1809 1809 1809 1808 1807 1805 1808 1810 1813 1815 1816 1815 1814 1811 1807 1803 1803 1803 1804 1807 1809 1812 1816 1822 1829 1835 1838 1839 1840 1838 1834 1825 1813 1801 1787 1771 1750 1728 1708 1690 1675 1665 1656 1645 1634 1622 1609 1596 1582 1568 1554 1538 1521 1504 1486 1468 1453 1438
1974 1961 1948 1938 1932 1928 1926 1926 1928 1931 1935 1937 1935 1930 1923 1914 1903 1891 1878 1866 1856 1850 1847 1847 1845 1843 1839 1834 1829 1829 1829 1828 1826 1825 1827 1830 1833 1836 1839 1838 1836 1833 1828 1824 1824 1826 1829 1833 1837 1839 1841 1845 1849 1852 1854 1853 1850 1845 1838 1828 1817 1804 1789 1772 1749 1727 1707 1690 1677 1669 1661 1652 1642 1630 1617 1604 1590 1575 1559 1543 1526 1509 1492 1476 1462 1447
1989 1977 1967 1958 1951 1947 1945 1946 1948 1951 1953 1953 1950 1944 1935 1925 1915 1904 1892 1881 1873 1869 1868 1869 1866 1863 1860 1856 1852 1852 1852 1850 1848 1846 1848 1851 1854 1858 1861 1860 1858 1855 1851 1849 1849 1851 1854 1858 1862 1864 1866 1867 1868 1868 1867 1864 1857 1849 1840 1829 1816 1803 1789 1772 1750 1727 1708 1692 1681 1675 1668 1659 1649 1638 1625 1612 1598 1583 1568 1550 1532 1516 1502 1488 1473 1459
2005 1995 1986 1978 1971 1966 1965 1965 1969 1971 1972 1970 1965 1958 1947 1936 1926 1915 1906 1897 1892 1889 1889 1890 1887 1884 1882 1878 1875 1875 1874 1872 1869 1866 1869 1873 1877 1881 1883 1881 1879 1877 1875 1874 1874 1875 1878 1881 1884 1886 1887 1886 1884 1882 1877 1871 1863 1852 1840 1828 1814 1801 1787 1771 1750 1730 1712 1697 1688 1682 1675 1666 1656 1645 1634 1621 1608 1593 1578 1559 1541 1525 1512 1499 1486 1472
2021 2013 2004 1996 1990 1986 1984 1986 1989 1991 1990 1987 1980 1971 1960 1948 1937 1928 1920 1914 1911 1910 1910 1911 1908 1905 1903 1899 1895 1894 1893 1892 1888 1885 1889 1894 1899 1903 1904 1902 1900 1898 1897 1897 1897 1899 1901 1902 1904 1904 1904 1901 1897 1892 1884 1877 1866 1854 1840 1826 1812 1798 1784 1769 1750 1733 1718 1706 1697 1690 1682 1673 1663 1652 1642 1630 1618 1604 1588 1570 1552 1536 1523 1511 1499 1486
2037 2029 2021 2013 2008 2005 2004 2006 2008 2009 2008 2003 1995 1984 1972 1961 1950 1941 1934 1931 1930 1930 1930 1929 1927 1925 1923 1918 1912 1911 1910 1909 1907 1904 1907 1912 1917 1921 1922 1920 1919 1918 1918 1919 1918 1919 1920 1920 1919 1919 1916 1912 1906 1898 1888 1879 1867 1854 1839 1825 1811 1797 1782 1767 1752 1738 1726 1716 1708 1699 1690 1680 1669 1659 1649 1639 1627 1614 1599 1582 1565 1549 1536 1524 1513 1501
2052 2045 2038 2030 2026 2023 2022 2024 2026 2025 2024 2018 2009 1997 1985 1974 1964 1955 1949 1947 1947 1947 1946 1946 1945 1943 1940 1936 1930 1927 1926 1925 1924 1922 1923 1927 1931 1935 1937 1937 1937 1937 1938 1939 1938 1938 1936 1934 1931 1928 1924 1918 1910 1901 1889 1878 1866 1853 1839 1825 1811 1797 1782 1767 1755 1744 1733 1725 1718 1708 1698 1687 1676 1666 1656 1646 1635 1624 1610 1594 1579 1564 1550 1538 1527 1515
2064 2059 2052 2045 2042 2040 2039 2039 2040 2038 2035 2030 2021 2010 1999 1989 1980 1973 1968 1965 1964 1963 1963 1963 1962 1962 1960 1956 1950 1946 1944 1943 1942 1940 1939 1940 1942 1946 1949 1950 1951 1952 1953 1955 1953 1951 1947 1942 1936 1930 1924 1916 1907 1896 1884 1872 1861 1849 1837 1825 1812 1799 1786 1773 1761 1751 1741 1733 1725 1716 1705 1695 1684 1674 1664 1653 1642 1631 1620 1606 1592 1579 1565 1553 1541 1527
2073 2070 2066 2060 2059 2057 2056 2055 2055 2051 2047 2041 2034 2024 2013 2005 1998 1993 1987 1984 1982 1981 1981 1981 1981 1981 1980 1976 1970 1965 1962 1961 1960 1958 1955 1953 1954 1956 1960 1962 1964 1966 1967 1967 1964 1960 1954 1946 1938 1929 1920 1911 1901 1889 1877 1866 1855 1844 1834 1823 1811 1800 1789 1778 1767 1757 1748 1739 1730 1721 1712 1702 1692 1682 1672 1660 1649 1638 1628 1615 1602 1590 1577 1564 1551 1536
2078 2079 2078 2076 2076 2074 2072 2071 2069 2065 2060 2054 2047 2038 2029 2022 2016 2012 2007 2004 2002 2001 2001 2000 2000 2000 1999 1995 1990 1985 1982 1980 1978 1975 1970 1967 1966 1968 1971 1974 1977 1978 1978 1977 1971 1965 1957 1947 1936 1925 1914 1904 1893 1881 1870 1859 1849 1839 1830 1819 1809 1799 1790 1780 1769 1760 1751 1742 1733 1725 1717 1709 1700 1690 1679 1667 1655 1644 1634 1621 1610 1598 1586 1572 1558 1543
2082 2086 2088 2091 2092 2090 2088 2086 2084 2079 2073 2067 2061 2053 2046 2041 2036 2031 2026 2024 2022 2021 2021 2020 2019 2018 2017 2014 2009 2004 2001 1998 1996 1992 1986 1982 1980 1980 1982 1986 1988 1989 1987 1984 1976 1966 1956 1944 1931 1918 1905 1894 1883 1873 1863 1853 1843 1834 1824 1815 1806 1797 1788 1778 1769 1760 1751 1743 1734 1727 1721 1713 1705 1696 1684 1672 1660 1648 1638 1626 1614 1602 1591 1578 1563 1546
2083 2090 2096 2102 2104 2104 2101 2099 2097 2092 2087 2081 2075 2070 2064 2060 2055 2051 2046 2044 2042 2041 2040 2039 2038 2037 2035 2032 2028 2024 2020 2016 2013 2008 2002 1997 1994 1993 1994 1997 1998 1997 1993 1988 1977 1965 1952 1939 1924 1909 1896 1884 1873 1864 1855 1846 1837 1828 1818 1809 1801 1793 1784 1775 1766 1757 1749 1740 1731 1726 1721 1715 1708 1699 1688 1676 1663 1651 1639 1629 1617 1606 1595 1582 1565 1548
2080 2088 2096 2104 2109 2111 2111 2111 2109 2105 2102 2097 2093 2088 2085 2081 2077 2072 2067 2064 2061 2060 2060 2059 2057 2055 2053 2050 2045 2042 2039 2035 2029 2023 2016 2011 2007 2006 2006 2006 2004 2000 1995 1988 1975 1960 1945 1930 1914 1899 1886 1874 1864 1855 1847 1839 1830 1820 1810 1802 1795 1787 1779 1771 1763 1754 1744 1734 1724 1718 1712 1706 1700 1692 1682 1671 1660 1649 1639 1629 1619 1608 1596 1583 1564 1544
2076 2084 2093 2102 2109 2114 2117 2118 2118 2117 2115 2112 2109 2106 2104 2101 2097 2092 2088 2084 2081 2080 2079 2078 2075 2073 2071 2068 2063 2060 2056 2051 2045 2037 2030 2024 2020 2018 2016 2012 2006 1999 1992 1984 1969 1953 1937 1921 1905 1891 1877 1866 1856 1847 1839 1831 1822 1812 1803 1796 1789 1782 1775 1767 1759 1750 1739 1728 1716 1708 1701 1695 1689 1682 1672 1662 1652 1643 1635 1625 1616 1605 1593 1579 1559 1540
2069 2078 2087 2097 2105 2112 2117 2121 2124 2125 2125 2124 2123 2122 2121 2119 2116 2113 2109 2104 2102 2100 2099 2097 2093 2090 2087 2084 2080 2077 2073 2067 2059 2050 2043 2037 2032 2027 2022 2014 2004 1995 1986 1977 1961 1944 1927 1911 1896 1883 1870 1859 1848 1839 1831 1822 1813 1804 1796 1789 1783 1776 1770 1763 1755 1745 1734 1722 1709 1699 1690 1683 1676 1669 1660 1651 1642 1634 1627 1617 1608 1597 1586 1572 1553 1535
2061 2070 2079 2089 2098 2107 2115 2121 2127 2131 2133 2135 2136 2137 2137 2136 2135 2133 2130 2125 2122 2120 2119 2116 2111 2107 2103 2100 2097 2093 2088 2080 2072 2063 2055 2047 2040 2033 2024 2012 2000 1989 1978 1967 1951 1934 1917 1901 1888 1875 1864 1853 1843 1833 1824 1814 1805 1797 1789 1783 1777 1771 1765 1759 1751 1741 1729 1717 1704 1692 1681 1672 1663 1656 1647 1638 1630 1623 1616 1606 1597 1587 1576 1563 1546 1531
2051 2061 2071 2080 2091 2101 2111 2120 2128 2134 2140 2144 2148 2151 2152 2153 2153 2153 2151 2147 2143 2140 2138 2135 2130 2124 2118 2114 2113 2108 2101 2093 2083 2073 2064 2054 2044 2034 2022 2007 1993 1980 1969 1958 1941 1924 1906 1892 1879 1868 1857 1847 1837 1827 1817 1807 1799 1790 1783 1776 1771 1765 1760 1755 1747 1736 1725 1714 1701 1688 1675 1663 1652 1643 1635 1626 1618 1611 1604 1594 1584 1574 1564 1554 1540 1528
2042 2051 2061 2071 2083 2095 2106 2116 2125 2133 2141 2147 2153 2159 2163 2166 2169 2171 2171 2168 2166 2163 2159 2153 2146 2139 2132 2126 2122 2116 2108 2099 2088 2077 2066 2055 2043 2030 2016 2000 1985 1972 1960 1950 1935 1918 1901 1887 1876 1864 1853 1842 1832 1821 1811 1802 1793 1785 1776 1770 1765 1761 1756 1751 1742 1733 1723 1713 1702 1688 1674 1661 1648 1637 1627 1617 1608 1600 1591 1583 1576 1569 1562 1554 1543 1533
2033 2041 2051 2062 2074 2087 2099 2111 2121 2130 2139 2147 2155 2163 2170 2177 2182 2185 2186 2184 2183 2180 2175 2167 2159 2151 2143 2135 2128 2120 2111 2100 2089 2078 2065 2053 2040 2026 2010 1994 1979 1966 1955 1944 1930 1915 1899 1886 1874 1862 1851 1840 1829 1818 1808 1798 1789 1780 1772 1765 1760 1755 1751 1745 1738 1729 1721 1712 1702 1688 1674 1659 1645 1632 1621 1611 1602 1593 1585 1578 1574 1570 1566 1560 1553 1545
2023 2031 2040 2051 2065 2078 2091 2103 2114 2124 2134 2143 2153 2163 2173 2182 2189 2192 2193 2193 2192 2189 2184 2177 2168 2160 2151 2141 2131 2121 2110 2098 2087 2076 2063 2050 2037 2022 2006 1990 1976 1963 1952 1941 1928 1913 1899 1885 1874 1862 1850 1839 1828 1817 1807 1797 1788 1779 1769 1762 1755 1750 1744 1739 1733 1726 1719 1710 1700 1686 1672 1657 1642 1628 1617 1607 1599 1592 1585 1581 1579 1578 1575 1572 1568 1564
2012 2019 2029 2041 2055 2069 2082 2095 2106 2117 2127 2137 2149 2160 2172 2183 2191 2195 2196 2196 2195 2193 2189 2184 2175 2166 2156 2145 2133 2120 2108 2096 2084 2073 2060 2048 2035 2020 2004 1989 1975 1962 1951 1940 1927 1913 1899 1886 1874 1862 1850 1840 1829 1818 1808 1799 1790 1779 1769 1760 1752 1744 1738 1733 1728 1722 1715 1707 1697 1683 1669 1654 1639 1625 1615 1606 1600 1596 1592 1591 1590 1590 1590 1589 1588 1586
2000 2008 2017 2030 2045 2060 2074 2086 2098 2108 2119 2130 2143 2156 2169 2181 2190 2196 2198 2198 2197 2196 2193 2189 2180 2170 2159 2148 2135 2121 2107 2093 2081 2070 2057 2045 2032 2018 2003 1988 1974 1962 1951 1939 1927 1914 1901 1888 1876 1863 1851 1840 1830 1819 1810 1801 1792 1781 1770 1759 1749 1739 1732 1726 1722 1717 1710 1702 1692 1679 1666 1651 1637 1624 1615 1608 1604 1604 1604 1605 1606 1607 1608 1609 1610 1609
1990 1999 2010 2023 2037 2051 2065 2077 2087 2099 2111 2123 2136 2150 2163 2176 2187 2194 2197 2198 2198 2198 2196 2193 2183 2173 2162 2150 2137 2123 2108 2093 2080 2069 2056 2043 2030 2016 2002 1988 1975 1962 1951 1940 1928 1916 1904 1891 1878 1865 1852 1841 1831 1821 1812 1803 1794 1784 1771 1760 1748 1737 1727 1720 1714 1707 1700 1692 1683 1672 1661 1650 1640 1630 1623 1620 1620 1622 1623 1624 1625 1628 1630 1632 1630 1628
1981 1991 2002 2015 2029 2042 2055 2066 2077 2090 2103 2116 2130 2144 2158 2171 2182 2191 2196 2198 2198 2198 2197 2194 2186 2176 2165 2153 2140 2125 2110 2095 2082 2070 2056 2043 2030 2017 2003 1990 1976 1963 1951 1941 1929 1917 1905 1892 1879 1866 1853 1842 1831 1822 1813 1804 1795 1785 1772 1760 1748 1736 1725 1716 1708 1700 1692 1684 1677 1668 1660 1654 1647 1641 1638 1638 1640 1643 1645 1645 1647 1649 1651 1651 1647 1643
1972 1983 1995 2007 2020 2032 2045 2057 2068 2081 2094 2108 2123 2138 2152 2165 2177 2187 2194 2197 2198 2199 2198 2195 2188 2179 2168 2156 2142 2128 2113 2099 2085 2071 2058 2045 2032 2019 2006 1992 1978 1965 1953 1942 1930 1918 1906 1893 1880 1867 1854 1842 1831 1822 1813 1805 1796 1785 1773 1761 1749 1737 1726 1715 1706 1696 1688 1680 1673 1667 1663 1661 1659 1656 1656 1658 1662 1665 1668 1669 1670 1671 1670 1668 1662 1655
1963 1974 1986 1998 2010 2022 2035 2047 2059 2072 2086 2100 2115 2130 2146 2159 2172 2183 2192 2196 2198 2199 2198 2196 2190 2182 2171 2159 2145 2131 2117 2103 2089 2075 2061 2048 2036 2023 2009 1995 1981 1967 1955 1944 1931 1919 1907 1895 1881 1868 1854 1842 1831 1821 1812 1804 1795 1785 1773 1761 1749 1737 1726 1715 1705 1695 1687 1680 1674 1671 1670 1672 1674 1675 1678 1681 1685 1689 1692 1693 1693 1691 1688 1682 1674 1666
1955 1966 1977 1988 2000 2012 2025 2037 2050 2064 2077 2091 2106 2123 2139 2153 2166 2179 2190 2194 2197 2199 2200 2198 2193 2185 2174 2161 2148 2134 2121 2108 2093 2079 2065 2052 2039 2026 2013 1999 1985 1971 1958 1945 1933 1921 1909 1896 1883 1870 1856 1842 1830 1820 1811 1803 1794 1784 1771 1760 1748 1736 1725 1715 1705 1695 1687 1682 1678 1678 1680 1684 1690 1696 1700 1704 1708 1712 1716 1715 1713 1709 1702 1693 1684 1674
1945 1956 1967 1977 1989 2002 2015 2028 2042 2056 2070 2084 2099 2115 2131 2147 2161 2173 2184 2190 2196 2200 2203 2203 2197 2188 2177 2165 2152 2139 2126 2112 2098 2082 2069 2055 2042 2029 2016 2003 1989 1975 1961 1948 1935 1923 1912 1899 1886 1872 1857 1842 1828 1817 1807 1798 1789 1779 1768 1758 1746 1734 1724 1715 1706 1698 1691 1687 1684 1686 1691 1698 1706 1715 1721 1725 1730 1733 1736 1732 1727 1720 1712 1702 1691 1681
1934 1946 1956 1967 1979 1992 2006 2020 2035 2049 2063 2078 2092 2107 2124 2140 2154 2167 2177 2187 2195 2201 2207 2208 2201 2192 2181 2169 2156 2143 2130 2116 2101 2086 2073 2060 2046 2033 2020 2007 1994 1980 1965 1951 1938 1927 1915 1902 1888 1873 1857 1841 1827 1814 1804 1795 1785 1775 1765 1756 1745 1734 1724 1716 1709 1702 1697 1694 1693 1697 1705 1714 1723 1733 1741 1746 1750 1753 1754 1747 1739 1730 1720 1710 1699 1688
1922 1935 1946 1957 1971 1985 1999 2013 2027 2040 2055 2070 2085 2101 2117 2133 2147 2160 2171 2183 2194 2203 2210 2214 2206 2197 2186 2173 2159 2147 2133 2120 2105 2091 2078 2065 2052 2039 2025 2012 1998 1985 1970 1956 1943 1931 1918 1905 1889 1873 1857 1841 1826 1813 1803 1793 1783 1774 1765 1755 1745 1736 1727 1720 1714 1709 1705 1704 1705 1711 1720 1730 1740 1751 1760 1766 1769 1770 1768 1759 1749 1739 1729 1719 1708 1697
1912 1924 1936 1949 1963 1977 1992 2006 2018 2031 2045 2061 2077 2094 2110 2125 2139 2153 2166 2179 2192 2204 2213 2219 2212 2203 2191 2177 2163 2151 2138 2125 2111 2096 2084 2071 2058 2045 2031 2017 2003 1990 1975 1961 1948 1936 1923 1908 1892 1874 1857 1841 1826 1813 1804 1794 1785 1776 1767 1758 1749 1741 1733 1727 1722 1718 1717 1717 1720 1728 1738 1749 1759 1770 1778 1784 1787 1786 1781 1769 1758 1748 1739 1729 1719 1708
1903 1915 1928 1941 1955 1970 1984 1996 2008 2020 2034 2049 2067 2085 2101 2117 2132 2147 2161 2176 2190 2203 2216 2224 2218 2209 2197 2183 2168 2157 2145 2132 2118 2103 2090 2078 2065 2051 2037 2022 2008 1995 1981 1967 1955 1943 1930 1915 1897 1879 1860 1843 1828 1816 1808 1799 1790 1782 1773 1764 1757 1750 1743 1737 1734 1731 1731 1733 1737 1747 1758 1770 1780 1790 1797 1802 1803 1799 1790 1778 1768 1758 1750 1741 1731 1720
