data/dem/DEM_30_0000672000_0009696000.asc
ncols 800
nrows 800
xllcenter 672015.000000
yllcenter -303985.000000
cellsize 30.000000
nodata_value -9999
[rows 351 to 389 of 800, columns 516 to 601 of 800]
1757 1752 1749 1746 1744 1742 1742 1745 1747 1747 1745 1741 1739 1743 1752 1766 1782 1795 1804 1808 1808 1804 1794 1784 1771 1756 1738 1721 1703 1688 1678 1674 1680 1685 1690 1694 1696 1695 1695 1695 1698 1704 1710 1715 1720 1724 1728 1734 1740 1748 1758 1770 1785 1800 1815 1830 1844 1855 1864 1870 1872 1870 1864 1854 1841 1824 1804 1778 1751 1722 1693 1665 1641 1617 1594 1571 1550 1530 1509 1488 1469 1453 1446 1442 1441 1441
1758 1755 1753 1752 1752 1753 1755 1759 1762 1761 1758 1753 1751 1753 1761 1775 1791 1803 1811 1815 1815 1812 1804 1795 1782 1766 1746 1727 1709 1695 1686 1685 1691 1697 1703 1708 1710 1708 1707 1706 1708 1712 1719 1726 1731 1735 1738 1743 1749 1755 1764 1775 1789 1805 1820 1836 1852 1865 1875 1882 1885 1884 1877 1866 1853 1835 1815 1790 1763 1735 1706 1677 1653 1630 1607 1585 1565 1543 1521 1499 1478 1461 1451 1445 1442 1441
1760 1760 1761 1762 1763 1765 1769 1775 1778 1778 1773 1766 1761 1761 1767 1780 1796 1807 1816 1821 1821 1818 1810 1800 1788 1772 1752 1733 1715 1701 1694 1694 1702 1710 1716 1719 1721 1719 1717 1716 1717 1721 1728 1736 1742 1746 1749 1753 1758 1764 1772 1782 1794 1809 1824 1840 1856 1871 1883 1893 1897 1897 1888 1877 1863 1846 1824 1799 1774 1746 1717 1689 1665 1641 1618 1596 1574 1552 1530 1508 1487 1469 1459 1450 1444 1441
1765 1768 1771 1773 1775 1779 1784 1791 1794 1794 1788 1778 1771 1769 1774 1786 1801 1811 1820 1825 1826 1822 1814 1804 1792 1776 1756 1737 1721 1708 1702 1705 1713 1721 1727 1731 1733 1731 1729 1728 1728 1731 1739 1746 1753 1757 1759 1763 1767 1774 1781 1790 1801 1815 1830 1846 1862 1877 1891 1901 1908 1908 1899 1888 1873 1855 1833 1808 1782 1755 1727 1700 1676 1652 1628 1605 1583 1561 1539 1517 1497 1479 1467 1456 1448 1443
1773 1779 1784 1787 1789 1793 1798 1805 1810 1809 1801 1789 1781 1779 1783 1794 1807 1816 1825 1829 1830 1825 1816 1806 1793 1777 1759 1741 1726 1717 1713 1716 1724 1731 1738 1742 1745 1744 1743 1742 1743 1745 1750 1757 1763 1767 1770 1773 1778 1783 1790 1798 1809 1822 1836 1852 1869 1884 1898 1909 1916 1918 1909 1897 1882 1864 1841 1816 1790 1762 1735 1709 1685 1661 1638 1614 1592 1570 1548 1526 1506 1489 1476 1463 1453 1447
1783 1792 1798 1801 1804 1808 1812 1819 1823 1822 1813 1800 1792 1789 1793 1802 1813 1822 1829 1833 1832 1826 1815 1805 1793 1778 1760 1745 1733 1726 1725 1727 1734 1741 1747 1752 1756 1757 1757 1757 1758 1760 1763 1768 1772 1777 1780 1783 1788 1793 1799 1806 1817 1829 1843 1859 1876 1891 1905 1915 1923 1926 1918 1907 1891 1871 1849 1823 1796 1769 1743 1718 1694 1670 1646 1623 1600 1579 1557 1537 1517 1500 1486 1471 1459 1451
1796 1807 1813 1817 1820 1823 1827 1833 1836 1833 1824 1811 1802 1800 1802 1809 1819 1827 1833 1835 1833 1826 1814 1803 1791 1777 1761 1749 1741 1737 1737 1738 1743 1748 1754 1761 1767 1770 1772 1773 1774 1776 1777 1779 1783 1787 1791 1794 1797 1801 1807 1815 1825 1836 1849 1865 1882 1897 1909 1920 1928 1933 1927 1916 1900 1879 1855 1829 1802 1776 1751 1726 1702 1678 1654 1631 1608 1588 1568 1548 1529 1511 1496 1480 1466 1455
1812 1822 1829 1834 1837 1840 1843 1846 1846 1842 1833 1821 1814 1812 1814 1821 1829 1835 1839 1839 1835 1826 1814 1802 1789 1776 1762 1754 1750 1748 1748 1749 1751 1755 1760 1767 1776 1781 1784 1786 1787 1789 1789 1790 1793 1797 1802 1804 1807 1811 1818 1825 1834 1844 1856 1869 1884 1898 1912 1924 1934 1941 1935 1925 1908 1886 1861 1833 1805 1779 1754 1731 1708 1686 1663 1640 1616 1597 1577 1557 1537 1520 1505 1489 1473 1458
1827 1836 1843 1849 1853 1856 1858 1858 1856 1851 1843 1832 1828 1826 1829 1834 1841 1844 1846 1843 1837 1826 1813 1801 1788 1776 1764 1761 1760 1760 1761 1760 1761 1763 1768 1776 1786 1792 1796 1798 1800 1801 1801 1802 1805 1809 1813 1816 1819 1823 1829 1836 1843 1852 1863 1875 1886 1901 1916 1929 1940 1947 1943 1932 1915 1892 1867 1837 1808 1781 1757 1735 1714 1692 1670 1646 1622 1603 1583 1562 1543 1526 1511 1494 1477 1462
1840 1849 1856 1862 1866 1870 1872 1870 1868 1862 1855 1846 1843 1843 1845 1849 1853 1854 1852 1847 1838 1826 1814 1801 1789 1778 1769 1768 1771 1773 1773 1771 1771 1773 1778 1786 1795 1801 1806 1810 1812 1813 1814 1815 1817 1821 1826 1829 1832 1837 1842 1847 1853 1861 1870 1880 1891 1906 1921 1935 1946 1953 1949 1938 1921 1898 1872 1842 1813 1786 1761 1739 1718 1696 1673 1650 1627 1607 1586 1565 1546 1530 1514 1498 1482 1468
1852 1861 1869 1874 1878 1882 1883 1882 1879 1874 1869 1863 1861 1861 1862 1864 1866 1864 1858 1850 1839 1827 1814 1803 1792 1783 1776 1779 1782 1785 1785 1782 1781 1784 1788 1795 1803 1810 1816 1820 1823 1825 1826 1827 1830 1834 1838 1842 1846 1850 1854 1859 1864 1870 1877 1886 1896 1911 1927 1941 1952 1958 1954 1944 1927 1904 1878 1848 1819 1791 1766 1742 1722 1700 1676 1652 1630 1610 1589 1568 1550 1534 1517 1500 1486 1475
1862 1871 1879 1885 1889 1892 1894 1893 1890 1887 1884 1881 1880 1879 1879 1879 1878 1873 1864 1854 1841 1829 1816 1806 1797 1791 1787 1791 1795 1796 1795 1791 1790 1792 1797 1803 1811 1818 1825 1830 1834 1836 1837 1839 1842 1846 1850 1854 1859 1863 1868 1871 1874 1879 1884 1891 1901 1916 1932 1947 1958 1963 1959 1949 1932 1910 1884 1855 1826 1797 1770 1745 1726 1703 1679 1654 1632 1612 1592 1572 1554 1537 1520 1503 1490 1484
1870 1879 1887 1894 1899 1903 1906 1906 1904 1903 1901 1899 1898 1896 1894 1891 1887 1879 1869 1857 1845 1833 1823 1814 1807 1803 1802 1804 1806 1806 1803 1799 1797 1798 1802 1809 1817 1825 1831 1836 1840 1844 1847 1850 1854 1858 1863 1867 1871 1875 1879 1883 1887 1891 1896 1902 1909 1922 1936 1951 1962 1969 1965 1954 1937 1916 1893 1863 1832 1800 1771 1746 1727 1705 1681 1656 1633 1613 1592 1572 1554 1539 1522 1508 1500 1498
1877 1886 1894 1902 1908 1913 1917 1918 1918 1917 1916 1915 1912 1910 1906 1901 1894 1885 1874 1861 1849 1839 1830 1823 1818 1815 1815 1817 1818 1817 1813 1809 1807 1808 1811 1817 1824 1831 1837 1842 1847 1852 1856 1859 1864 1869 1875 1878 1882 1886 1890 1895 1899 1904 1909 1913 1919 1929 1941 1954 1965 1973 1968 1958 1942 1922 1900 1869 1836 1802 1771 1746 1727 1706 1682 1657 1634 1613 1591 1571 1554 1539 1525 1516 1512 1513
1885 1893 1902 1910 1917 1923 1927 1929 1930 1930 1929 1928 1924 1920 1915 1909 1901 1890 1878 1866 1854 1845 1838 1832 1829 1827 1827 1828 1828 1827 1824 1821 1820 1821 1823 1828 1833 1839 1844 1849 1855 1860 1864 1869 1874 1879 1885 1890 1894 1898 1903 1907 1911 1915 1919 1923 1928 1937 1947 1957 1966 1973 1969 1960 1946 1927 1904 1872 1837 1803 1772 1746 1727 1705 1681 1656 1631 1610 1589 1570 1555 1540 1529 1524 1524 1528
1892 1900 1909 1917 1925 1932 1937 1940 1942 1942 1941 1938 1933 1928 1922 1915 1906 1895 1883 1872 1861 1852 1846 1842 1840 1838 1838 1838 1838 1838 1836 1835 1835 1836 1838 1841 1843 1848 1853 1858 1863 1868 1872 1877 1883 1889 1895 1901 1906 1910 1914 1918 1921 1925 1928 1931 1936 1944 1952 1960 1967 1971 1968 1960 1948 1929 1905 1872 1837 1803 1772 1747 1727 1705 1679 1652 1626 1606 1586 1569 1554 1542 1535 1533 1536 1542
1899 1906 1915 1925 1934 1941 1947 1951 1953 1953 1952 1949 1943 1936 1929 1921 1911 1899 1888 1878 1869 1861 1856 1853 1850 1849 1848 1848 1848 1848 1847 1847 1849 1851 1853 1854 1854 1858 1862 1867 1872 1876 1881 1886 1892 1899 1907 1912 1917 1922 1925 1928 1931 1933 1936 1939 1943 1951 1958 1964 1968 1969 1965 1958 1946 1927 1903 1870 1836 1803 1772 1748 1728 1704 1677 1648 1621 1601 1583 1567 1554 1544 1542 1545 1550 1555
1908 1914 1923 1934 1944 1952 1958 1961 1963 1963 1961 1957 1950 1942 1934 1925 1915 1904 1894 1885 1877 1871 1868 1865 1862 1860 1858 1857 1857 1858 1859 1860 1863 1864 1866 1867 1867 1869 1873 1877 1882 1887 1892 1897 1904 1910 1917 1924 1929 1933 1936 1939 1941 1944 1946 1947 1949 1955 1961 1965 1966 1964 1959 1951 1938 1920 1895 1865 1833 1801 1771 1746 1726 1703 1675 1646 1618 1599 1581 1566 1556 1552 1556 1562 1569 1573
1917 1922 1932 1943 1953 1962 1969 1972 1974 1973 1969 1963 1956 1947 1938 1929 1919 1910 1901 1894 1887 1882 1879 1876 1873 1870 1866 1865 1865 1866 1869 1872 1874 1877 1878 1879 1880 1881 1883 1887 1892 1898 1903 1909 1915 1922 1929 1935 1941 1945 1947 1949 1951 1953 1954 1955 1955 1960 1964 1966 1965 1960 1954 1945 1932 1913 1888 1859 1829 1798 1768 1742 1722 1699 1672 1643 1615 1596 1580 1568 1561 1561 1570 1579 1587 1589
1927 1931 1940 1952 1962 1972 1981 1984 1985 1982 1977 1969 1960 1951 1942 1933 1923 1916 1910 1904 1899 1894 1890 1886 1882 1878 1874 1872 1872 1874 1877 1881 1884 1888 1890 1892 1893 1894 1895 1898 1903 1909 1914 1920 1926 1933 1940 1947 1952 1956 1958 1959 1960 1961 1962 1962 1962 1964 1967 1967 1964 1958 1950 1940 1925 1905 1880 1851 1821 1791 1761 1735 1714 1691 1665 1637 1611 1594 1581 1571 1568 1572 1584 1594 1602 1604
1939 1941 1950 1961 1972 1982 1992 1995 1994 1991 1984 1975 1965 1955 1946 1937 1929 1923 1919 1914 1910 1905 1900 1895 1891 1886 1881 1878 1879 1881 1885 1889 1894 1898 1901 1903 1905 1906 1907 1910 1913 1918 1924 1931 1938 1945 1952 1958 1962 1965 1967 1968 1969 1970 1970 1970 1969 1969 1969 1967 1963 1956 1946 1933 1916 1895 1869 1839 1810 1780 1752 1727 1705 1681 1656 1631 1609 1595 1584 1577 1577 1584 1597 1608 1615 1617
1952 1953 1961 1972 1983 1993 2002 2004 2003 1998 1990 1980 1970 1960 1951 1942 1935 1931 1927 1924 1919 1914 1909 1905 1899 1894 1888 1886 1886 1889 1893 1899 1904 1908 1911 1914 1917 1918 1919 1921 1924 1928 1934 1942 1949 1957 1963 1968 1972 1975 1976 1977 1978 1979 1979 1978 1976 1974 1971 1967 1961 1953 1939 1923 1904 1881 1855 1825 1796 1768 1742 1718 1696 1673 1650 1628 1611 1599 1590 1586 1588 1597 1609 1621 1629 1631
1965 1966 1974 1984 1994 2004 2013 2013 2010 2004 1996 1986 1975 1965 1956 1949 1942 1938 1934 1931 1927 1923 1918 1914 1910 1905 1900 1899 1899 1901 1905 1910 1914 1918 1922 1925 1929 1930 1930 1931 1934 1938 1945 1952 1959 1967 1974 1978 1982 1985 1986 1986 1987 1988 1987 1985 1982 1976 1971 1964 1955 1944 1928 1910 1888 1864 1838 1811 1786 1764 1743 1723 1703 1684 1665 1646 1628 1613 1602 1597 1600 1609 1622 1634 1643 1646
1979 1980 1987 1996 2005 2014 2023 2022 2018 2011 2002 1992 1981 1971 1963 1955 1949 1945 1941 1938 1935 1932 1929 1925 1921 1917 1913 1913 1913 1915 1917 1921 1924 1929 1933 1937 1941 1941 1941 1942 1944 1949 1955 1962 1969 1977 1985 1989 1992 1995 1995 1995 1995 1996 1994 1991 1985 1978 1969 1959 1948 1934 1917 1897 1875 1850 1825 1803 1784 1767 1752 1737 1720 1704 1687 1669 1649 1630 1615 1607 1609 1620 1634 1647 1657 1662
1994 1994 2001 2008 2017 2025 2032 2030 2026 2018 2009 1998 1988 1978 1969 1962 1956 1952 1949 1945 1943 1942 1940 1938 1935 1931 1927 1927 1927 1928 1930 1933 1936 1940 1945 1949 1952 1952 1951 1952 1954 1958 1965 1972 1980 1988 1995 1998 2002 2004 2005 2004 2003 2002 2000 1995 1988 1978 1968 1956 1941 1924 1906 1885 1863 1841 1819 1803 1790 1779 1769 1759 1745 1730 1714 1693 1670 1647 1628 1616 1616 1628 1644 1658 1670 1678
2008 2009 2015 2022 2029 2036 2040 2037 2032 2025 2016 2005 1996 1986 1977 1969 1964 1960 1956 1953 1952 1951 1951 1951 1948 1945 1941 1941 1941 1942 1944 1946 1949 1953 1957 1960 1963 1962 1961 1961 1964 1968 1974 1982 1990 1997 2004 2008 2011 2013 2014 2014 2012 2009 2004 1997 1989 1978 1966 1952 1935 1915 1895 1875 1854 1835 1818 1809 1802 1795 1789 1783 1771 1757 1739 1716 1690 1664 1640 1624 1621 1634 1651 1668 1682 1692
2024 2025 2030 2035 2041 2045 2047 2043 2038 2031 2023 2012 2003 1994 1985 1977 1971 1967 1964 1961 1960 1961 1962 1962 1962 1960 1957 1957 1957 1958 1959 1960 1962 1965 1968 1971 1973 1973 1971 1971 1973 1977 1984 1992 1999 2006 2013 2018 2021 2024 2025 2024 2020 2015 2008 1999 1990 1977 1964 1948 1928 1906 1886 1866 1848 1834 1823 1820 1817 1813 1809 1804 1794 1781 1762 1736 1708 1681 1653 1633 1628 1639 1659 1677 1693 1705
2040 2041 2045 2048 2051 2053 2054 2049 2043 2035 2027 2017 2008 2000 1992 1985 1979 1975 1971 1969 1968 1969 1972 1973 1974 1973 1972 1972 1973 1974 1974 1975 1976 1978 1981 1983 1985 1984 1982 1980 1982 1986 1993 2000 2008 2016 2023 2028 2031 2034 2035 2033 2028 2021 2012 2002 1991 1976 1960 1942 1921 1898 1879 1862 1849 1839 1833 1832 1830 1827 1822 1816 1807 1795 1777 1752 1724 1695 1667 1646 1639 1647 1667 1686 1702 1714
2056 2056 2059 2060 2061 2061 2060 2054 2047 2039 2030 2022 2013 2005 1998 1992 1986 1982 1979 1977 1976 1977 1980 1983 1985 1986 1986 1987 1987 1988 1989 1988 1989 1991 1993 1995 1996 1994 1992 1990 1991 1995 2001 2009 2017 2025 2032 2037 2041 2043 2044 2041 2034 2025 2016 2005 1992 1975 1956 1936 1914 1892 1874 1861 1851 1846 1843 1843 1842 1839 1834 1828 1819 1806 1789 1765 1736 1707 1678 1657 1649 1657 1676 1695 1711 1723
2070 2070 2071 2071 2071 2069 2066 2059 2051 2042 2034 2025 2017 2010 2004 1998 1993 1989 1986 1983 1983 1984 1989 1993 1996 1998 1999 2000 2000 2001 2001 2000 2000 2002 2003 2005 2006 2004 2002 2000 2000 2004 2010 2017 2025 2033 2041 2047 2051 2053 2052 2047 2039 2029 2018 2006 1993 1974 1953 1931 1909 1889 1874 1863 1857 1854 1854 1855 1854 1851 1846 1840 1830 1817 1798 1774 1746 1716 1687 1667 1660 1667 1686 1704 1719 1731
2080 2082 2082 2082 2080 2076 2072 2064 2055 2046 2037 2029 2022 2015 2009 2004 2000 1996 1992 1990 1989 1991 1996 2001 2006 2009 2012 2013 2013 2014 2013 2012 2011 2012 2014 2015 2017 2015 2013 2011 2010 2013 2019 2026 2033 2041 2049 2056 2061 2062 2060 2053 2043 2032 2020 2007 1993 1974 1952 1929 1908 1890 1879 1871 1867 1865 1866 1867 1866 1864 1859 1852 1841 1827 1807 1783 1753 1723 1696 1677 1671 1679 1697 1713 1728 1740
2088 2092 2092 2092 2089 2084 2078 2069 2060 2050 2041 2033 2026 2020 2015 2010 2006 2002 1998 1996 1995 1998 2003 2009 2015 2021 2025 2026 2027 2028 2027 2024 2023 2024 2025 2027 2029 2028 2025 2023 2022 2023 2028 2034 2041 2048 2056 2064 2069 2071 2067 2058 2046 2035 2022 2009 1994 1975 1954 1932 1912 1896 1889 1884 1881 1879 1878 1879 1879 1877 1873 1865 1853 1838 1817 1791 1759 1729 1705 1688 1682 1689 1707 1723 1738 1750
2093 2100 2102 2101 2097 2091 2082 2074 2064 2054 2045 2037 2031 2025 2021 2017 2013 2009 2005 2002 2002 2004 2011 2018 2025 2031 2036 2038 2040 2041 2040 2037 2036 2036 2038 2040 2044 2042 2038 2034 2032 2033 2037 2042 2049 2056 2064 2070 2075 2076 2072 2062 2050 2039 2027 2014 2000 1982 1963 1944 1926 1912 1906 1902 1899 1897 1895 1894 1893 1890 1885 1877 1864 1847 1824 1795 1761 1732 1709 1694 1690 1698 1714 1730 1745 1757
2097 2106 2108 2108 2104 2096 2086 2077 2067 2058 2049 2041 2036 2031 2027 2024 2021 2017 2014 2011 2010 2012 2018 2026 2033 2040 2046 2051 2054 2056 2055 2052 2052 2052 2053 2055 2059 2056 2051 2045 2042 2042 2045 2051 2057 2064 2070 2076 2080 2080 2075 2066 2055 2044 2033 2021 2007 1991 1975 1958 1943 1930 1925 1922 1919 1916 1913 1911 1908 1904 1898 1889 1873 1854 1829 1798 1762 1734 1712 1699 1697 1705 1720 1736 1751 1764
2100 2108 2111 2111 2107 2100 2090 2080 2070 2061 2053 2046 2041 2037 2034 2031 2029 2027 2024 2021 2020 2021 2026 2033 2040 2047 2055 2063 2068 2072 2072 2071 2071 2071 2072 2073 2074 2069 2063 2057 2053 2051 2054 2058 2064 2071 2077 2082 2085 2084 2080 2071 2061 2050 2040 2028 2016 2002 1988 1974 1961 1950 1946 1942 1939 1936 1932 1928 1924 1918 1911 1900 1882 1860 1833 1799 1763 1735 1715 1705 1705 1714 1728 1743 1757 1770
2100 2109 2112 2112 2109 2102 2092 2082 2073 2065 2057 2050 2046 2043 2040 2039 2038 2036 2034 2032 2030 2030 2034 2039 2046 2055 2065 2074 2081 2087 2089 2090 2091 2092 2091 2090 2088 2083 2075 2069 2064 2061 2062 2066 2071 2077 2083 2088 2091 2090 2085 2077 2068 2058 2048 2038 2027 2014 2001 1990 1979 1971 1967 1963 1960 1956 1951 1945 1940 1933 1924 1911 1891 1866 1835 1800 1764 1738 1720 1712 1714 1724 1737 1751 1764 1778
2100 2109 2111 2111 2109 2103 2094 2084 2076 2068 2061 2055 2051 2049 2047 2047 2046 2045 2043 2042 2041 2040 2042 2046 2053 2062 2073 2083 2093 2100 2104 2107 2108 2109 2109 2106 2103 2095 2087 2080 2075 2071 2071 2073 2077 2083 2089 2094 2097 2096 2092 2086 2077 2068 2059 2049 2039 2027 2016 2006 1999 1993 1989 1984 1980 1976 1970 1963 1956 1948 1936 1921 1898 1870 1837 1801 1764 1741 1726 1721 1725 1735 1747 1760 1773 1787
2097 2107 2110 2112 2110 2105 2096 2087 2079 2071 2065 2060 2057 2055 2054 2055 2055 2055 2054 2052 2051 2050 2052 2055 2061 2069 2079 2091 2101 2110 2116 2119 2121 2121 2120 2119 2115 2107 2098 2090 2084 2080 2079 2082 2086 2092 2099 2104 2106 2107 2104 2099 2090 2080 2071 2063 2054 2043 2033 2024 2017 2012 2007 2001 1996 1992 1986 1979 1970 1959 1945 1927 1902 1872 1838 1801 1765 1745 1734 1733 1739 1748 1759 1771 1784 1796
2095 2106 2110 2112 2111 2106 2099 2090 2082 2075 2069 2064 2062 2061 2061 2062 2063 2064 2064 2063 2061 2061 2062 2065 2070 2077 2087 2098 2109 2119 2126 2132 2134 2134 2133 2131 2127 2118 2109 2101 2095 2091 2090 2092 2097 2103 2109 2114 2117 2118 2116 2111 2102 2093 2084 2076 2069 2058 2048 2040 2033 2027 2021 2015 2009 2004 1998 1991 1982 1969 1952 1930 1904 1873 1838 1802 1768 1750 1743 1744 1751 1760 1771 1783 1795 1807
