data/dem/DEM_30_0000768000_0009840000.asc
ncols 800
nrows 800
xllcenter 768015.000000
yllcenter -159985.000000
cellsize 30.000000
nodata_value -9999
[rows 152 to 189 of 800, columns 420 to 503 of 800]
2978 2974 2967 2961 2957 2952 2947 2941 2937 2933 2933 2936 2943 2950 2955 2958 2962 2966 2976 2989 3006 3027 3049 3065 3080 3094 3108 3122 3133 3142 3151 3159 3169 3184 3199 3214 3230 3245 3261 3277 3293 3309 3323 3337 3351 3366 3382 3396 3403 3407 3409 3408 3405 3402 3398 3393 3388 3381 3371 3361 3350 3338 3326 3315 3303 3293 3286 3283 3291 3299 3306 3308 3304 3295 3288 3283 3282 3285 3296 3307 3317 3327 3336 3344
2962 2956 2948 2944 2941 2937 2933 2928 2923 2920 2920 2924 2930 2936 2940 2943 2947 2952 2961 2973 2989 3009 3032 3050 3067 3082 3096 3109 3121 3131 3141 3152 3163 3177 3192 3207 3223 3240 3255 3270 3284 3298 3310 3323 3336 3350 3366 3381 3391 3398 3402 3403 3401 3399 3395 3392 3387 3381 3369 3358 3345 3332 3319 3308 3296 3286 3279 3274 3280 3287 3293 3295 3292 3285 3279 3275 3275 3280 3290 3301 3312 3324 3335 3345
2946 2938 2930 2927 2925 2923 2920 2915 2910 2907 2907 2911 2918 2922 2926 2929 2933 2938 2946 2958 2973 2993 3016 3036 3054 3071 3086 3099 3111 3123 3134 3145 3157 3171 3186 3202 3218 3234 3249 3263 3275 3286 3297 3309 3322 3335 3351 3366 3378 3387 3393 3395 3395 3394 3391 3387 3383 3376 3365 3353 3339 3326 3312 3300 3289 3279 3271 3265 3270 3275 3280 3281 3278 3272 3269 3269 3272 3279 3289 3300 3312 3325 3339 3350
2930 2923 2915 2913 2911 2909 2906 2901 2896 2893 2894 2899 2905 2910 2913 2916 2919 2923 2932 2944 2959 2979 3000 3021 3041 3060 3077 3091 3104 3117 3129 3141 3153 3167 3182 3197 3212 3228 3242 3254 3265 3275 3284 3296 3309 3323 3338 3353 3366 3375 3381 3385 3387 3386 3383 3380 3375 3369 3359 3346 3333 3320 3306 3293 3282 3272 3263 3256 3259 3263 3267 3267 3263 3260 3261 3266 3273 3283 3294 3305 3317 3330 3343 3355
2916 2908 2902 2899 2897 2895 2892 2886 2881 2879 2881 2886 2893 2898 2901 2904 2905 2908 2917 2930 2946 2964 2984 3006 3028 3049 3068 3084 3099 3112 3125 3137 3149 3163 3177 3192 3207 3221 3233 3245 3254 3263 3271 3285 3299 3313 3328 3342 3354 3363 3370 3373 3376 3375 3373 3369 3365 3360 3351 3340 3327 3315 3301 3288 3276 3265 3255 3247 3248 3251 3253 3253 3248 3249 3255 3265 3278 3292 3303 3314 3324 3336 3348 3361
2903 2895 2888 2885 2882 2879 2876 2871 2867 2866 2869 2875 2881 2886 2888 2890 2890 2891 2901 2915 2932 2950 2969 2992 3015 3038 3059 3078 3093 3108 3121 3134 3147 3160 3173 3187 3200 3213 3224 3234 3242 3250 3259 3274 3289 3305 3320 3333 3345 3353 3359 3361 3362 3362 3360 3358 3355 3351 3343 3334 3322 3311 3298 3284 3271 3259 3248 3239 3237 3238 3239 3238 3234 3239 3251 3266 3284 3301 3313 3323 3332 3341 3352 3365
2892 2883 2875 2870 2866 2862 2858 2855 2852 2852 2855 2861 2868 2872 2872 2871 2871 2874 2886 2901 2919 2938 2958 2980 3002 3025 3047 3069 3087 3103 3118 3132 3144 3156 3167 3179 3192 3203 3212 3220 3227 3236 3247 3265 3283 3300 3316 3330 3340 3347 3350 3351 3351 3349 3346 3344 3343 3341 3336 3329 3319 3309 3296 3282 3268 3255 3242 3230 3225 3224 3224 3225 3226 3235 3249 3266 3285 3305 3318 3328 3336 3345 3355 3367
2881 2871 2862 2855 2849 2845 2842 2839 2838 2838 2840 2845 2851 2855 2855 2854 2855 2860 2873 2889 2907 2927 2948 2970 2991 3013 3037 3061 3080 3098 3114 3128 3140 3150 3160 3170 3181 3192 3198 3204 3211 3220 3235 3256 3276 3295 3312 3327 3335 3340 3343 3343 3341 3337 3334 3331 3330 3330 3327 3322 3315 3304 3291 3277 3264 3250 3237 3223 3215 3212 3212 3215 3220 3232 3246 3264 3285 3306 3320 3331 3340 3348 3358 3371
2867 2857 2847 2840 2834 2829 2826 2824 2822 2822 2824 2827 2832 2836 2838 2840 2843 2850 2864 2879 2897 2917 2938 2961 2983 3005 3029 3053 3072 3091 3108 3122 3134 3143 3151 3160 3169 3178 3183 3187 3193 3203 3221 3245 3268 3289 3307 3322 3329 3334 3336 3335 3332 3327 3322 3319 3318 3318 3318 3314 3307 3296 3284 3270 3257 3244 3231 3218 3209 3204 3204 3208 3215 3229 3245 3263 3284 3306 3321 3332 3342 3351 3361 3374
2850 2840 2830 2824 2819 2815 2811 2809 2807 2806 2807 2810 2812 2817 2822 2828 2835 2844 2858 2873 2890 2909 2930 2954 2977 3000 3023 3044 3064 3083 3101 3115 3126 3134 3142 3149 3156 3163 3166 3169 3174 3186 3207 3233 3258 3281 3301 3316 3323 3327 3328 3327 3323 3317 3311 3306 3304 3306 3306 3303 3296 3286 3273 3262 3250 3238 3225 3213 3205 3200 3199 3204 3211 3226 3244 3264 3285 3306 3321 3333 3344 3354 3364 3378
2831 2820 2811 2806 2802 2799 2796 2794 2792 2791 2792 2793 2794 2801 2808 2818 2829 2840 2854 2869 2885 2903 2925 2949 2973 2996 3017 3035 3054 3074 3091 3106 3118 3125 3132 3138 3144 3148 3149 3150 3156 3171 3193 3221 3247 3271 3292 3309 3317 3320 3320 3318 3315 3307 3298 3291 3289 3291 3292 3289 3283 3273 3262 3252 3241 3230 3219 3207 3201 3197 3197 3201 3209 3226 3245 3266 3287 3307 3322 3335 3347 3357 3368 3383
2813 2803 2794 2788 2784 2781 2779 2777 2776 2776 2778 2780 2784 2793 2803 2814 2826 2837 2851 2866 2883 2901 2922 2945 2968 2990 3009 3026 3044 3063 3080 3094 3106 3115 3122 3127 3131 3133 3133 3136 3144 3159 3182 3209 3235 3260 3282 3301 3309 3313 3312 3309 3303 3293 3282 3272 3268 3268 3268 3266 3262 3255 3246 3238 3228 3219 3209 3201 3197 3196 3198 3204 3213 3229 3249 3270 3291 3310 3326 3339 3351 3363 3374 3389
2796 2786 2777 2772 2767 2763 2761 2761 2762 2764 2767 2771 2777 2788 2800 2812 2823 2835 2848 2864 2881 2900 2920 2941 2962 2982 3000 3016 3032 3050 3067 3080 3092 3102 3109 3114 3117 3117 3118 3122 3133 3149 3172 3199 3225 3249 3273 3294 3302 3306 3304 3299 3291 3280 3266 3254 3247 3243 3242 3240 3237 3233 3228 3221 3214 3206 3199 3194 3193 3195 3200 3207 3218 3234 3254 3274 3294 3313 3329 3343 3356 3368 3381 3395
2779 2770 2762 2756 2751 2747 2745 2745 2749 2754 2759 2765 2773 2786 2798 2811 2822 2834 2847 2863 2880 2899 2918 2937 2956 2974 2990 3005 3020 3036 3051 3064 3075 3085 3093 3099 3101 3100 3101 3107 3120 3139 3163 3189 3214 3240 3265 3286 3295 3298 3296 3290 3280 3268 3253 3240 3228 3221 3217 3214 3212 3210 3208 3204 3199 3194 3189 3187 3190 3194 3201 3211 3223 3240 3258 3277 3297 3315 3331 3345 3359 3373 3387 3403
2762 2753 2746 2741 2736 2732 2731 2733 2739 2746 2754 2762 2772 2785 2798 2811 2822 2833 2846 2862 2880 2898 2916 2933 2949 2964 2979 2993 3006 3020 3033 3045 3056 3066 3074 3081 3083 3081 3082 3090 3106 3129 3154 3179 3204 3231 3257 3279 3286 3289 3287 3281 3271 3257 3242 3227 3214 3203 3196 3192 3190 3189 3188 3187 3184 3182 3180 3181 3187 3194 3203 3215 3228 3244 3262 3280 3298 3317 3333 3347 3362 3377 3394 3410
2745 2737 2730 2725 2721 2719 2720 2724 2732 2741 2751 2762 2775 2788 2800 2812 2823 2833 2846 2862 2879 2896 2912 2927 2941 2955 2968 2980 2992 3003 3015 3026 3037 3046 3054 3061 3063 3061 3062 3072 3091 3116 3145 3170 3195 3221 3247 3269 3277 3280 3279 3272 3261 3246 3231 3216 3202 3189 3181 3175 3172 3171 3171 3171 3171 3171 3172 3176 3185 3195 3205 3218 3233 3248 3264 3281 3299 3317 3334 3350 3365 3381 3400 3417
2729 2722 2714 2711 2709 2710 2715 2722 2731 2740 2751 2763 2777 2790 2803 2815 2826 2836 2848 2862 2877 2891 2903 2916 2928 2940 2953 2965 2977 2989 3000 3011 3019 3025 3029 3033 3035 3034 3041 3054 3076 3103 3133 3160 3185 3210 3234 3255 3265 3271 3270 3262 3249 3234 3220 3205 3191 3178 3170 3164 3159 3156 3154 3155 3158 3162 3167 3174 3185 3196 3208 3220 3233 3248 3264 3281 3299 3318 3336 3353 3369 3386 3404 3421
2713 2706 2698 2696 2697 2701 2710 2719 2729 2739 2750 2763 2777 2790 2803 2816 2827 2837 2848 2860 2872 2882 2891 2901 2912 2922 2935 2948 2961 2973 2985 2995 3003 3004 3005 3006 3007 3009 3020 3038 3061 3090 3122 3149 3174 3198 3221 3242 3254 3261 3260 3253 3239 3223 3208 3194 3180 3167 3159 3152 3146 3142 3139 3141 3147 3155 3164 3174 3186 3197 3208 3220 3232 3247 3264 3281 3299 3319 3338 3355 3372 3389 3406 3422
2697 2690 2682 2680 2684 2692 2703 2715 2725 2736 2748 2761 2776 2789 2802 2814 2825 2835 2844 2855 2864 2871 2877 2885 2893 2903 2915 2928 2943 2956 2969 2979 2985 2985 2984 2983 2984 2987 3002 3023 3048 3078 3110 3137 3161 3185 3208 3230 3243 3251 3251 3244 3231 3213 3197 3182 3168 3156 3147 3139 3133 3128 3126 3132 3142 3153 3164 3175 3186 3197 3208 3219 3231 3247 3263 3281 3299 3319 3337 3355 3372 3389 3404 3419
2680 2672 2664 2664 2671 2682 2696 2709 2720 2732 2745 2759 2774 2787 2799 2810 2821 2830 2838 2845 2852 2857 2861 2867 2874 2883 2894 2907 2923 2937 2950 2960 2968 2966 2964 2962 2963 2968 2986 3009 3035 3066 3098 3124 3148 3171 3195 3218 3232 3240 3241 3235 3222 3204 3186 3170 3156 3144 3133 3125 3119 3116 3117 3128 3141 3154 3167 3178 3188 3197 3207 3218 3230 3247 3264 3281 3300 3318 3336 3353 3369 3384 3398 3411
2663 2654 2646 2649 2658 2673 2688 2702 2715 2728 2742 2756 2770 2783 2794 2804 2813 2822 2828 2833 2838 2841 2845 2850 2856 2864 2873 2886 2901 2916 2929 2941 2949 2948 2945 2943 2943 2949 2971 2995 3022 3052 3083 3109 3133 3157 3181 3205 3220 3229 3230 3224 3213 3194 3176 3160 3145 3131 3119 3111 3107 3106 3112 3128 3144 3160 3173 3184 3191 3199 3207 3217 3230 3248 3265 3283 3301 3318 3332 3347 3362 3376 3388 3400
2639 2630 2626 2634 2647 2664 2681 2697 2711 2725 2739 2753 2765 2776 2785 2794 2802 2809 2813 2817 2821 2825 2829 2835 2841 2848 2856 2865 2877 2891 2906 2919 2929 2928 2926 2924 2924 2932 2957 2983 3010 3038 3067 3094 3119 3142 3167 3192 3207 3216 3218 3212 3199 3182 3165 3148 3132 3117 3106 3099 3097 3101 3113 3133 3153 3171 3185 3195 3202 3209 3217 3226 3237 3253 3270 3285 3300 3313 3323 3335 3348 3360 3373 3385
2616 2609 2609 2621 2637 2655 2674 2692 2707 2721 2734 2747 2758 2767 2775 2783 2790 2795 2799 2801 2805 2809 2814 2820 2826 2832 2838 2844 2855 2867 2881 2894 2905 2905 2905 2904 2906 2916 2943 2971 2998 3026 3053 3080 3104 3128 3153 3179 3195 3205 3206 3200 3187 3170 3153 3136 3119 3104 3093 3086 3087 3096 3113 3136 3158 3178 3192 3202 3210 3218 3226 3234 3242 3257 3271 3284 3295 3303 3310 3319 3330 3342 3354 3366
2598 2593 2595 2610 2628 2648 2668 2687 2702 2716 2728 2738 2747 2755 2763 2770 2776 2780 2784 2787 2790 2794 2799 2805 2811 2816 2821 2825 2834 2845 2857 2868 2876 2879 2880 2883 2889 2903 2932 2960 2988 3015 3041 3067 3091 3115 3140 3166 3183 3193 3195 3188 3174 3158 3141 3124 3107 3091 3080 3075 3078 3091 3112 3136 3159 3179 3193 3203 3212 3220 3228 3235 3243 3255 3267 3276 3283 3288 3293 3299 3308 3319 3332 3345
2583 2580 2584 2602 2622 2642 2662 2681 2696 2709 2719 2728 2734 2742 2749 2756 2761 2765 2769 2772 2776 2779 2784 2790 2795 2800 2804 2808 2815 2824 2833 2841 2846 2850 2856 2863 2875 2894 2923 2952 2980 3006 3032 3056 3079 3102 3127 3153 3170 3181 3182 3175 3161 3145 3129 3113 3096 3078 3067 3063 3069 3086 3112 3135 3157 3175 3190 3200 3207 3214 3221 3228 3236 3246 3255 3262 3266 3268 3271 3276 3284 3294 3306 3321
2570 2570 2577 2597 2618 2639 2658 2676 2689 2701 2709 2716 2720 2727 2734 2741 2746 2750 2754 2758 2762 2765 2769 2775 2780 2784 2788 2791 2797 2803 2809 2814 2818 2825 2835 2848 2866 2888 2919 2948 2975 3000 3025 3046 3068 3090 3113 3139 3157 3167 3169 3162 3147 3132 3117 3101 3084 3066 3056 3053 3061 3082 3111 3135 3154 3171 3184 3193 3198 3202 3208 3214 3222 3229 3236 3240 3243 3245 3247 3251 3258 3268 3280 3296
2561 2565 2575 2596 2616 2635 2653 2668 2680 2688 2695 2699 2703 2710 2718 2726 2731 2735 2739 2743 2747 2751 2755 2761 2765 2769 2772 2776 2781 2786 2791 2795 2801 2812 2827 2844 2865 2889 2919 2948 2974 2997 3019 3039 3060 3081 3103 3126 3143 3154 3157 3150 3136 3120 3105 3089 3072 3055 3046 3045 3056 3078 3108 3130 3148 3161 3171 3177 3181 3185 3189 3194 3198 3204 3211 3216 3220 3222 3224 3229 3236 3246 3259 3277
2552 2558 2572 2593 2612 2630 2645 2659 2668 2674 2679 2682 2685 2692 2701 2709 2715 2719 2723 2727 2732 2736 2741 2746 2751 2755 2758 2762 2766 2771 2775 2781 2788 2804 2822 2842 2865 2889 2919 2946 2970 2992 3013 3033 3053 3074 3094 3115 3131 3141 3143 3137 3124 3109 3094 3078 3061 3043 3035 3036 3047 3069 3098 3119 3135 3147 3155 3159 3163 3167 3170 3173 3175 3180 3186 3192 3196 3199 3203 3209 3218 3230 3244 3265
2543 2552 2567 2588 2606 2622 2635 2647 2654 2659 2662 2665 2667 2674 2682 2691 2697 2702 2706 2711 2716 2720 2725 2731 2737 2741 2744 2748 2753 2758 2764 2771 2781 2799 2819 2841 2864 2889 2917 2942 2964 2985 3006 3026 3045 3065 3085 3105 3119 3128 3130 3124 3112 3098 3083 3067 3049 3032 3024 3024 3034 3054 3080 3100 3115 3127 3134 3138 3142 3145 3149 3151 3152 3156 3161 3167 3173 3178 3185 3195 3207 3221 3237 3260
2537 2546 2562 2581 2598 2612 2624 2633 2638 2642 2644 2647 2650 2657 2665 2672 2679 2684 2690 2694 2699 2704 2710 2716 2721 2726 2730 2734 2739 2746 2754 2765 2778 2798 2819 2841 2864 2888 2913 2937 2957 2977 2998 3017 3036 3055 3075 3094 3108 3116 3117 3111 3100 3086 3071 3055 3037 3020 3011 3011 3019 3035 3058 3076 3091 3102 3109 3112 3116 3120 3124 3128 3130 3132 3137 3144 3151 3159 3171 3185 3201 3218 3237 3261
2531 2541 2558 2575 2590 2602 2612 2618 2622 2625 2627 2629 2632 2640 2648 2655 2661 2667 2673 2677 2681 2687 2694 2701 2706 2711 2715 2719 2726 2735 2747 2761 2778 2798 2819 2840 2862 2886 2910 2931 2950 2969 2989 3008 3027 3045 3064 3084 3098 3105 3106 3100 3088 3074 3059 3042 3025 3008 2998 2996 3002 3016 3035 3051 3064 3073 3078 3080 3084 3091 3098 3104 3107 3110 3117 3125 3135 3145 3161 3179 3200 3221 3242 3267
2531 2540 2553 2567 2579 2589 2597 2603 2607 2610 2612 2614 2617 2624 2632 2638 2644 2651 2655 2659 2664 2671 2680 2687 2692 2696 2699 2704 2713 2724 2739 2757 2779 2800 2820 2840 2862 2885 2906 2924 2940 2958 2978 2997 3016 3036 3055 3074 3087 3094 3094 3089 3079 3063 3047 3030 3013 2996 2986 2982 2986 2998 3015 3025 3034 3040 3044 3046 3053 3062 3072 3080 3088 3097 3108 3120 3133 3146 3165 3186 3207 3228 3249 3273
2530 2536 2545 2556 2566 2575 2582 2588 2593 2596 2598 2600 2603 2609 2615 2621 2628 2634 2639 2644 2650 2657 2667 2673 2677 2682 2687 2693 2705 2718 2734 2755 2778 2800 2820 2840 2860 2881 2900 2915 2930 2947 2967 2986 3006 3026 3045 3064 3076 3082 3082 3076 3067 3052 3034 3016 3000 2984 2974 2970 2973 2983 2996 3004 3010 3015 3020 3023 3032 3043 3054 3065 3077 3091 3106 3122 3138 3155 3176 3197 3218 3238 3258 3281
2528 2532 2537 2545 2553 2561 2567 2574 2579 2582 2584 2587 2590 2594 2599 2605 2612 2619 2625 2631 2638 2645 2653 2659 2664 2670 2678 2688 2701 2716 2733 2754 2777 2798 2818 2837 2855 2874 2891 2906 2921 2937 2956 2976 2996 3017 3036 3055 3065 3070 3069 3063 3054 3038 3021 3003 2987 2972 2963 2959 2962 2970 2981 2989 2996 3002 3008 3013 3023 3036 3049 3063 3077 3094 3111 3129 3148 3169 3191 3213 3234 3253 3272 3293
2526 2528 2531 2537 2543 2550 2556 2562 2566 2570 2572 2575 2579 2582 2586 2591 2598 2605 2613 2620 2627 2634 2641 2646 2652 2660 2672 2686 2702 2717 2734 2754 2775 2796 2815 2832 2849 2865 2881 2895 2911 2928 2946 2967 2987 3008 3028 3046 3055 3058 3056 3049 3039 3024 3007 2990 2974 2960 2953 2950 2954 2962 2972 2982 2990 2999 3006 3013 3026 3040 3055 3071 3086 3103 3122 3141 3163 3186 3210 3232 3252 3271 3289 3309
2526 2527 2529 2533 2538 2543 2549 2554 2558 2561 2563 2566 2570 2572 2575 2580 2587 2594 2602 2610 2618 2625 2631 2636 2643 2653 2668 2685 2703 2719 2736 2754 2772 2791 2809 2825 2840 2854 2869 2884 2901 2918 2937 2959 2980 3001 3021 3038 3044 3045 3042 3035 3025 3009 2993 2977 2961 2948 2943 2943 2949 2959 2969 2981 2992 3002 3011 3020 3035 3052 3068 3085 3100 3117 3136 3157 3181 3207 3231 3253 3273 3291 3310 3329
2535 2536 2538 2541 2545 2548 2551 2555 2558 2560 2562 2565 2568 2571 2575 2579 2585 2592 2599 2605 2611 2617 2624 2630 2638 2649 2664 2682 2699 2714 2730 2748 2766 2783 2799 2813 2827 2841 2857 2874 2892 2910 2930 2952 2974 2994 3013 3029 3036 3037 3032 3024 3012 2997 2981 2965 2951 2940 2941 2947 2957 2969 2982 2993 3005 3017 3028 3038 3054 3072 3089 3106 3120 3137 3156 3177 3200 3226 3251 3274 3294 3312 3330 3349
2546 2548 2549 2551 2554 2556 2557 2559 2562 2565 2567 2570 2572 2576 2580 2584 2589 2594 2600 2604 2609 2615 2621 2627 2635 2646 2661 2678 2694 2709 2724 2740 2758 2774 2789 2802 2815 2830 2847 2865 2883 2903 2924 2946 2969 2990 3007 3022 3028 3028 3023 3012 2999 2984 2968 2954 2943 2936 2943 2955 2968 2983 2997 3009 3022 3035 3047 3059 3076 3093 3111 3127 3142 3160 3178 3198 3220 3244 3269 3292 3313 3331 3349 3368
