data/dem/DEM_30_0000672000_0009696000.asc
ncols 800
nrows 800
xllcenter 672015.000000
yllcenter -303985.000000
cellsize 30.000000
nodata_value -9999
[rows 156 to 194 of 800, columns 516 to 601 of 800]
946 944 943 943 943 940 934 932 934 940 949 962 977 990 1001 1012 1020 1025 1027 1027 1022 1013 998 981 963 943 922 904 889 876 865 856 851 847 844 840 839 845 853 864 876 889 899 907 913 916 917 914 909 902 894 886 881 878 878 881 887 894 902 910 917 923 929 938 948 959 971 983 993 1001 1007 1012 1014 1016 1018 1019 1021 1026 1033 1043 1053 1065 1080 1097 1114 1129
958 957 956 956 955 953 948 949 954 962 972 984 997 1008 1018 1026 1031 1031 1030 1025 1016 1004 990 974 957 938 918 900 885 872 862 853 848 845 842 841 841 848 858 870 883 897 909 918 925 929 931 928 923 916 907 896 888 884 884 889 897 904 911 920 928 936 941 947 955 964 976 988 999 1008 1017 1024 1029 1032 1035 1036 1037 1041 1046 1052 1059 1067 1079 1095 1112 1127
969 969 969 969 970 970 969 970 975 983 993 1005 1015 1024 1031 1035 1036 1033 1027 1020 1010 998 984 969 953 934 914 896 882 870 860 851 846 843 841 841 841 849 861 874 888 901 914 926 936 942 944 943 940 933 923 910 899 892 891 897 908 915 923 931 940 949 952 956 960 967 977 989 1000 1011 1022 1031 1038 1044 1049 1054 1057 1060 1065 1070 1074 1077 1084 1095 1109 1124
981 982 983 985 987 989 991 994 999 1007 1016 1025 1032 1038 1041 1041 1038 1033 1026 1017 1006 994 980 965 948 930 911 894 880 869 859 850 845 842 841 841 843 852 864 877 892 906 920 933 945 952 956 957 955 950 940 927 916 906 903 908 918 926 934 942 951 961 964 965 967 971 978 989 1001 1013 1025 1036 1045 1053 1060 1067 1073 1078 1083 1088 1091 1091 1094 1101 1111 1123
995 997 999 1003 1007 1010 1013 1018 1024 1032 1039 1045 1047 1049 1048 1045 1040 1033 1025 1016 1005 993 978 962 945 927 909 893 880 868 858 850 845 843 842 843 846 855 867 881 896 912 926 940 952 961 966 968 968 965 958 947 936 927 921 922 928 936 944 953 962 972 976 977 977 977 981 991 1002 1014 1026 1038 1049 1058 1068 1076 1084 1091 1099 1105 1108 1109 1110 1113 1118 1126
1011 1015 1017 1022 1028 1033 1036 1042 1049 1055 1059 1061 1059 1057 1053 1048 1041 1035 1027 1018 1007 994 978 961 943 926 910 894 881 869 858 849 845 843 842 844 848 858 870 885 901 917 931 945 957 967 975 979 981 981 976 969 959 951 944 941 940 946 953 962 972 983 988 989 988 987 987 994 1004 1015 1027 1039 1050 1061 1072 1082 1092 1102 1111 1119 1124 1127 1127 1128 1129 1132
1030 1034 1037 1043 1050 1056 1060 1065 1070 1074 1075 1073 1068 1062 1056 1050 1044 1037 1030 1020 1009 995 978 961 944 928 912 897 882 869 856 847 845 843 843 846 851 862 875 889 905 921 935 949 962 974 984 990 995 997 996 990 983 976 969 962 955 957 961 969 980 993 999 1001 1000 997 995 999 1007 1016 1028 1040 1051 1063 1074 1086 1098 1110 1120 1130 1137 1143 1143 1142 1141 1140
1051 1056 1059 1064 1071 1076 1078 1080 1082 1082 1080 1077 1072 1066 1060 1053 1046 1038 1028 1018 1006 993 977 961 945 930 915 898 882 867 855 847 845 843 843 845 850 863 878 894 910 926 941 955 968 982 995 1004 1011 1015 1015 1012 1005 1000 995 987 977 974 974 979 989 1003 1011 1015 1015 1012 1007 1006 1011 1019 1030 1041 1052 1062 1073 1086 1099 1113 1125 1137 1145 1151 1152 1151 1150 1149
1069 1075 1080 1085 1089 1092 1093 1093 1092 1089 1086 1081 1076 1070 1064 1056 1046 1036 1025 1013 1001 988 973 958 944 930 915 898 882 867 856 849 847 845 844 846 851 865 881 898 915 932 948 962 977 992 1006 1018 1027 1033 1035 1032 1027 1023 1018 1009 999 993 990 991 1000 1014 1024 1029 1030 1026 1020 1016 1018 1025 1034 1045 1054 1063 1073 1085 1100 1114 1128 1140 1149 1155 1157 1157 1156 1156
1085 1092 1098 1103 1106 1106 1104 1103 1100 1097 1092 1087 1081 1074 1066 1056 1045 1032 1020 1007 994 981 968 954 941 928 915 898 883 870 859 854 851 849 847 848 853 867 884 901 919 937 954 971 986 1001 1016 1030 1042 1049 1053 1052 1047 1043 1037 1028 1018 1011 1006 1006 1013 1026 1036 1043 1044 1041 1034 1029 1028 1032 1040 1049 1057 1066 1075 1086 1100 1115 1129 1141 1151 1156 1159 1160 1161 1162
1099 1106 1113 1118 1119 1117 1113 1110 1108 1105 1099 1092 1085 1077 1067 1055 1042 1028 1015 1002 989 975 963 950 938 926 914 899 885 874 865 859 855 852 851 852 857 872 888 906 924 942 961 978 995 1011 1026 1042 1055 1065 1070 1071 1066 1061 1054 1045 1036 1029 1023 1022 1026 1038 1049 1056 1058 1055 1048 1042 1039 1040 1046 1055 1062 1069 1077 1088 1101 1116 1129 1141 1150 1156 1160 1163 1165 1166
1111 1118 1125 1128 1128 1124 1119 1117 1115 1112 1105 1097 1088 1077 1066 1053 1038 1024 1011 999 986 973 961 949 937 925 914 901 889 878 870 864 859 856 854 856 862 877 894 911 928 947 966 985 1002 1019 1036 1053 1068 1079 1086 1089 1084 1078 1070 1062 1053 1046 1041 1039 1041 1050 1063 1071 1073 1070 1063 1055 1049 1048 1052 1061 1068 1074 1081 1091 1104 1117 1129 1140 1149 1156 1161 1165 1167 1169
1120 1128 1134 1137 1136 1132 1126 1123 1120 1114 1107 1097 1086 1075 1063 1049 1036 1024 1012 1002 991 978 965 953 941 928 916 903 891 881 873 866 862 859 859 862 870 884 900 916 934 952 972 992 1011 1028 1045 1062 1078 1091 1099 1102 1098 1092 1085 1077 1069 1064 1061 1059 1060 1065 1078 1087 1090 1085 1076 1068 1061 1058 1061 1068 1075 1081 1089 1098 1110 1120 1131 1140 1149 1156 1161 1165 1169 1171
1128 1136 1142 1145 1144 1139 1133 1128 1122 1115 1106 1095 1084 1072 1060 1047 1035 1025 1016 1006 995 982 969 957 944 931 917 905 893 882 874 868 864 862 863 866 874 888 903 919 937 956 976 997 1017 1035 1052 1070 1086 1100 1109 1113 1110 1105 1100 1093 1086 1082 1080 1079 1080 1084 1094 1102 1104 1100 1090 1081 1074 1070 1071 1076 1082 1089 1097 1106 1116 1125 1133 1141 1149 1157 1162 1167 1170 1173
1133 1143 1149 1152 1151 1146 1139 1131 1123 1115 1105 1094 1082 1070 1058 1046 1036 1028 1019 1009 998 985 972 959 946 932 918 905 894 884 876 870 867 865 866 870 876 889 904 920 939 957 977 998 1018 1037 1055 1074 1092 1106 1116 1120 1119 1116 1113 1108 1102 1099 1098 1098 1099 1102 1109 1115 1116 1112 1103 1094 1087 1082 1081 1084 1089 1096 1104 1112 1121 1129 1136 1144 1151 1158 1163 1168 1172 1175
1138 1149 1155 1157 1156 1151 1144 1134 1124 1114 1103 1092 1081 1068 1057 1047 1039 1032 1022 1011 999 986 973 960 947 933 918 905 894 884 877 871 869 869 870 872 877 888 903 920 938 956 976 996 1016 1036 1055 1075 1094 1109 1119 1124 1125 1125 1123 1121 1117 1115 1114 1114 1115 1118 1123 1127 1127 1123 1115 1106 1099 1094 1092 1093 1098 1103 1110 1118 1127 1134 1140 1146 1153 1159 1165 1170 1174 1177
1141 1153 1159 1162 1161 1157 1149 1137 1125 1114 1103 1092 1080 1068 1058 1049 1043 1035 1025 1012 999 986 973 960 947 933 917 904 894 885 878 873 873 873 874 875 877 888 903 919 936 953 973 992 1012 1033 1053 1074 1094 1110 1121 1127 1130 1132 1132 1132 1131 1129 1128 1128 1129 1132 1136 1138 1137 1133 1126 1118 1111 1106 1104 1104 1107 1111 1116 1123 1131 1138 1144 1149 1155 1161 1167 1172 1176 1180
1143 1156 1164 1168 1168 1164 1156 1144 1131 1118 1107 1095 1083 1072 1062 1054 1048 1039 1027 1013 999 986 972 959 945 930 914 902 892 885 879 875 876 877 877 877 878 889 903 919 935 950 969 988 1008 1028 1049 1070 1091 1108 1120 1127 1131 1135 1138 1141 1143 1143 1143 1143 1144 1146 1148 1148 1147 1144 1138 1129 1122 1117 1115 1116 1118 1121 1125 1131 1140 1147 1152 1156 1160 1165 1171 1176 1180 1183
1147 1159 1168 1174 1176 1172 1164 1151 1137 1124 1111 1098 1087 1076 1067 1059 1053 1042 1028 1013 999 985 971 957 943 928 912 901 892 885 881 878 878 878 879 879 880 890 903 918 934 949 967 985 1004 1024 1044 1065 1085 1103 1116 1124 1130 1137 1144 1150 1154 1155 1156 1157 1157 1157 1158 1158 1157 1154 1148 1140 1133 1128 1126 1128 1129 1131 1135 1141 1150 1158 1163 1166 1169 1173 1179 1183 1186 1189
1152 1163 1174 1180 1183 1179 1170 1157 1143 1129 1115 1101 1090 1081 1073 1067 1059 1045 1029 1013 998 985 971 957 942 927 912 901 892 886 882 880 879 880 880 881 882 891 904 918 933 949 965 983 1001 1020 1040 1059 1078 1095 1109 1119 1129 1138 1147 1155 1162 1166 1168 1170 1170 1168 1167 1167 1166 1162 1157 1150 1145 1140 1139 1140 1141 1143 1146 1153 1162 1171 1177 1181 1183 1186 1190 1193 1195 1197
1159 1169 1179 1186 1189 1185 1176 1163 1149 1134 1119 1104 1095 1088 1081 1075 1066 1050 1033 1016 1000 987 973 959 944 929 915 904 894 887 883 881 880 880 881 882 885 894 905 919 933 949 965 982 999 1017 1035 1052 1069 1086 1101 1114 1126 1137 1148 1158 1168 1174 1179 1181 1181 1178 1177 1176 1174 1170 1165 1160 1156 1154 1152 1152 1153 1155 1159 1166 1177 1187 1194 1198 1200 1202 1204 1206 1207 1208
1166 1176 1185 1191 1193 1190 1180 1167 1153 1138 1122 1108 1100 1096 1091 1084 1074 1057 1039 1022 1006 992 978 963 949 934 919 907 897 889 884 882 881 881 881 884 888 896 907 919 933 949 964 981 997 1013 1029 1046 1061 1077 1093 1108 1122 1135 1147 1160 1173 1182 1188 1192 1192 1189 1187 1185 1182 1178 1174 1171 1169 1168 1166 1165 1167 1170 1175 1184 1196 1207 1214 1217 1219 1220 1221 1221 1221 1222
1171 1182 1189 1194 1195 1192 1184 1171 1156 1140 1125 1113 1109 1106 1102 1094 1081 1066 1050 1033 1016 1001 985 970 955 940 925 914 903 895 888 885 883 882 882 884 888 897 908 920 933 948 963 979 995 1010 1026 1041 1057 1072 1088 1105 1119 1133 1147 1161 1176 1187 1195 1199 1200 1199 1197 1194 1191 1188 1184 1183 1184 1184 1184 1184 1189 1195 1203 1213 1225 1234 1240 1242 1241 1238 1237 1237 1237 1237
1176 1188 1193 1197 1197 1194 1187 1173 1158 1142 1128 1118 1116 1114 1110 1101 1088 1074 1058 1041 1025 1009 993 976 960 945 931 920 909 899 892 887 884 882 882 884 888 897 908 920 933 947 961 977 992 1008 1023 1039 1054 1069 1086 1103 1118 1133 1148 1162 1178 1191 1200 1206 1209 1209 1207 1205 1203 1200 1197 1197 1199 1201 1203 1205 1212 1221 1231 1241 1251 1259 1264 1265 1261 1256 1254 1253 1252 1251
1181 1192 1197 1200 1201 1197 1189 1175 1160 1145 1132 1124 1123 1120 1115 1106 1093 1080 1064 1047 1031 1014 998 981 965 950 937 925 913 902 893 887 884 882 882 884 888 897 908 920 934 947 961 976 991 1006 1022 1037 1053 1069 1085 1103 1119 1134 1149 1164 1179 1193 1204 1211 1216 1218 1218 1218 1216 1214 1212 1213 1216 1220 1223 1227 1235 1244 1255 1265 1275 1280 1283 1283 1280 1275 1272 1269 1267 1265
1187 1196 1202 1205 1205 1201 1192 1177 1162 1149 1138 1131 1129 1125 1119 1109 1097 1083 1067 1050 1033 1017 1001 984 968 954 941 928 915 902 892 885 883 881 882 884 889 898 908 921 934 949 962 977 991 1006 1022 1037 1053 1070 1087 1104 1120 1136 1152 1166 1180 1194 1206 1215 1222 1227 1229 1230 1230 1230 1229 1231 1234 1239 1243 1248 1256 1265 1276 1286 1295 1298 1300 1300 1298 1295 1291 1287 1282 1279
1196 1203 1208 1211 1210 1205 1195 1180 1166 1155 1146 1141 1137 1130 1122 1112 1100 1085 1068 1050 1032 1016 1001 986 971 957 944 930 916 902 891 883 882 881 882 885 890 898 909 922 936 951 965 979 993 1008 1023 1039 1056 1073 1090 1107 1123 1139 1154 1168 1180 1195 1207 1218 1227 1234 1238 1241 1243 1244 1246 1249 1253 1257 1262 1266 1274 1283 1293 1303 1311 1314 1316 1317 1317 1318 1313 1306 1299 1294
1204 1213 1217 1218 1216 1209 1198 1185 1174 1164 1156 1150 1142 1132 1121 1108 1094 1079 1062 1044 1027 1010 997 982 968 955 942 928 915 903 892 885 883 882 883 887 892 901 911 923 938 955 970 984 998 1012 1027 1042 1059 1077 1095 1112 1127 1143 1157 1170 1183 1196 1208 1218 1227 1235 1239 1244 1248 1251 1254 1258 1263 1268 1273 1276 1283 1291 1300 1309 1317 1321 1326 1330 1333 1336 1333 1329 1323 1316
1208 1219 1224 1225 1222 1215 1204 1193 1183 1173 1164 1155 1144 1131 1116 1101 1085 1069 1053 1036 1019 1003 990 977 964 951 939 926 915 904 895 889 886 884 885 888 895 903 913 925 940 958 974 989 1002 1017 1032 1048 1064 1082 1100 1116 1131 1146 1160 1173 1187 1199 1209 1219 1228 1235 1240 1245 1250 1255 1258 1262 1268 1273 1277 1281 1286 1293 1300 1309 1317 1323 1330 1337 1343 1347 1347 1345 1341 1335
1208 1222 1227 1229 1227 1220 1211 1200 1190 1179 1167 1155 1141 1125 1108 1091 1074 1058 1042 1026 1010 996 984 972 960 949 936 926 916 907 900 893 889 886 887 891 897 906 915 927 943 961 977 992 1006 1021 1037 1054 1071 1088 1105 1120 1135 1149 1163 1176 1190 1200 1210 1219 1227 1234 1240 1245 1251 1255 1259 1263 1267 1272 1276 1279 1284 1289 1296 1304 1313 1322 1330 1339 1346 1351 1353 1354 1352 1349
1207 1222 1229 1231 1230 1225 1217 1206 1193 1180 1166 1151 1135 1117 1098 1080 1063 1046 1030 1016 1003 991 980 970 959 948 936 927 919 912 905 899 893 889 889 893 900 909 919 931 946 964 980 995 1010 1026 1042 1060 1078 1095 1111 1124 1138 1151 1164 1178 1192 1200 1209 1217 1225 1232 1238 1244 1249 1253 1256 1260 1263 1266 1270 1273 1279 1284 1291 1299 1308 1318 1327 1336 1345 1352 1355 1357 1358 1359
1205 1221 1229 1232 1232 1229 1223 1209 1193 1176 1159 1143 1125 1106 1087 1068 1051 1036 1021 1009 999 990 980 970 961 951 940 932 924 917 911 904 898 893 892 896 903 913 923 935 950 966 983 998 1014 1030 1048 1067 1086 1104 1118 1129 1141 1152 1165 1178 1190 1198 1206 1213 1221 1228 1235 1241 1245 1249 1252 1254 1256 1259 1262 1267 1274 1280 1287 1295 1304 1314 1323 1332 1342 1350 1355 1358 1361 1364
1205 1218 1227 1232 1233 1230 1221 1204 1185 1166 1147 1131 1114 1097 1081 1066 1054 1042 1031 1020 1009 998 988 978 968 957 947 938 931 924 916 908 902 898 897 900 906 916 927 940 954 969 984 999 1015 1033 1052 1072 1091 1108 1120 1131 1142 1152 1163 1173 1184 1192 1199 1205 1211 1218 1226 1232 1237 1241 1244 1246 1248 1251 1257 1265 1274 1283 1291 1298 1305 1313 1322 1331 1339 1347 1353 1357 1360 1363
1208 1219 1228 1234 1235 1231 1221 1202 1181 1161 1141 1124 1108 1094 1082 1072 1065 1056 1046 1036 1023 1010 998 986 975 964 954 946 939 931 922 913 907 903 901 904 909 918 929 942 956 970 984 999 1015 1033 1052 1072 1091 1107 1119 1129 1139 1149 1159 1168 1177 1185 1192 1197 1202 1207 1215 1222 1227 1231 1235 1237 1240 1245 1253 1264 1277 1287 1296 1303 1308 1315 1322 1330 1338 1344 1350 1354 1357 1359
1213 1225 1233 1238 1239 1234 1223 1204 1183 1163 1143 1125 1110 1099 1090 1085 1081 1073 1064 1052 1038 1022 1009 995 983 972 963 955 947 938 928 918 911 907 906 908 912 920 930 942 955 969 983 997 1012 1029 1048 1068 1086 1102 1114 1125 1135 1145 1154 1162 1171 1178 1183 1188 1192 1197 1204 1210 1215 1219 1222 1226 1232 1241 1253 1267 1280 1292 1301 1308 1312 1318 1324 1330 1336 1341 1345 1349 1351 1354
1220 1232 1239 1244 1245 1239 1228 1210 1190 1170 1151 1132 1120 1111 1105 1102 1099 1090 1080 1066 1051 1035 1020 1005 993 983 975 966 957 946 934 922 916 912 911 913 917 923 931 942 955 968 980 994 1008 1024 1042 1060 1078 1093 1107 1119 1129 1139 1148 1156 1164 1170 1175 1178 1182 1187 1194 1199 1204 1207 1211 1216 1226 1239 1255 1271 1285 1297 1306 1313 1317 1321 1326 1330 1334 1337 1340 1343 1345 1348
1225 1238 1246 1251 1252 1247 1235 1219 1201 1182 1162 1143 1134 1128 1124 1121 1116 1106 1092 1078 1062 1047 1031 1016 1004 995 988 977 966 954 940 927 920 917 917 919 923 929 937 946 957 967 978 990 1003 1017 1034 1051 1068 1084 1099 1113 1123 1132 1141 1149 1157 1162 1166 1170 1173 1178 1184 1189 1193 1197 1202 1210 1222 1239 1258 1277 1290 1302 1311 1317 1321 1324 1327 1329 1331 1332 1334 1336 1339 1343
1229 1241 1250 1257 1259 1257 1248 1233 1217 1199 1181 1163 1155 1149 1143 1137 1128 1115 1100 1085 1071 1058 1044 1031 1020 1010 1001 987 973 959 944 931 924 921 922 926 932 939 947 955 964 971 980 990 1002 1016 1031 1049 1067 1082 1097 1111 1121 1130 1138 1146 1154 1158 1162 1165 1169 1174 1180 1185 1190 1195 1201 1211 1225 1242 1261 1281 1294 1305 1313 1318 1321 1322 1323 1324 1324 1324 1326 1329 1332 1338
1234 1246 1255 1263 1267 1267 1260 1247 1232 1215 1199 1183 1174 1166 1158 1148 1137 1123 1108 1094 1082 1071 1057 1046 1035 1024 1012 996 980 964 949 936 929 925 926 930 938 947 955 962 969 976 983 992 1003 1017 1034 1052 1069 1084 1099 1112 1121 1130 1139 1147 1154 1158 1162 1165 1169 1174 1179 1184 1190 1196 1203 1215 1229 1245 1264 1283 1296 1306 1312 1316 1318 1318 1317 1316 1316 1316 1318 1321 1325 1331
