data/dem/DEM_30_0000768000_0009816000.asc
ncols 800
nrows 800
xllcenter 768015.000000
yllcenter -183985.000000
cellsize 30.000000
nodata_value -9999
[rows 760 to 797 of 800, columns 420 to 503 of 800]
3618 3621 3626 3636 3646 3658 3670 3682 3690 3697 3702 3705 3707 3706 3705 3707 3712 3721 3736 3752 3770 3791 3813 3831 3847 3860 3870 3878 3880 3879 3878 3876 3876 3885 3897 3912 3928 3945 3960 3975 3989 4003 4018 4034 4050 4065 4079 4090 4101 4110 4120 4129 4138 4149 4158 4167 4177 4186 4195 4204 4213 4222 4230 4237 4243 4246 4248 4249 4251 4253 4257 4262 4267 4269 4269 4270 4270 4272 4276 4281 4285 4289 4292 4295
3605 3610 3617 3630 3642 3653 3663 3670 3675 3680 3685 3689 3692 3690 3690 3694 3702 3714 3729 3745 3762 3781 3800 3817 3832 3846 3857 3866 3867 3866 3865 3865 3867 3877 3891 3906 3924 3941 3958 3973 3988 4003 4019 4037 4055 4071 4084 4095 4105 4114 4123 4132 4141 4151 4160 4169 4177 4186 4193 4200 4208 4215 4222 4229 4234 4238 4239 4240 4243 4246 4250 4254 4258 4260 4260 4260 4261 4262 4265 4268 4272 4275 4279 4282
3592 3599 3610 3624 3636 3645 3652 3655 3659 3665 3670 3674 3676 3676 3677 3683 3693 3707 3723 3738 3755 3771 3787 3803 3818 3831 3843 3852 3853 3853 3853 3854 3858 3870 3885 3902 3920 3939 3956 3972 3987 4003 4020 4039 4058 4074 4087 4098 4108 4116 4124 4132 4141 4150 4158 4166 4174 4182 4188 4195 4201 4207 4213 4220 4225 4229 4231 4232 4235 4238 4242 4245 4249 4250 4250 4250 4250 4251 4253 4254 4257 4260 4264 4269
3578 3587 3599 3613 3624 3633 3637 3638 3643 3649 3654 3658 3660 3661 3665 3674 3687 3702 3717 3731 3746 3761 3776 3790 3804 3816 3827 3835 3837 3839 3841 3845 3852 3866 3882 3900 3920 3939 3956 3971 3986 4002 4018 4037 4056 4071 4084 4094 4103 4111 4119 4126 4133 4142 4150 4159 4166 4172 4179 4186 4192 4199 4204 4210 4216 4221 4223 4225 4227 4230 4233 4236 4239 4240 4240 4240 4241 4241 4240 4239 4240 4243 4248 4253
3566 3575 3588 3600 3610 3618 3621 3622 3626 3632 3637 3642 3644 3648 3655 3666 3681 3697 3710 3723 3736 3749 3763 3778 3791 3802 3811 3818 3821 3825 3830 3838 3848 3863 3881 3900 3919 3938 3954 3969 3984 3998 4014 4032 4049 4064 4076 4086 4094 4103 4111 4117 4124 4132 4141 4149 4156 4162 4169 4177 4184 4190 4197 4202 4208 4213 4216 4218 4219 4221 4223 4226 4229 4230 4231 4231 4231 4230 4228 4225 4225 4228 4233 4237
3554 3564 3576 3586 3594 3600 3604 3606 3610 3615 3621 3627 3632 3639 3648 3661 3676 3691 3703 3714 3725 3737 3751 3765 3778 3788 3796 3801 3806 3812 3820 3832 3845 3862 3880 3898 3917 3936 3951 3965 3978 3992 4006 4022 4039 4053 4065 4075 4084 4092 4100 4107 4114 4122 4131 4138 4145 4152 4160 4168 4175 4182 4189 4195 4201 4206 4209 4211 4211 4212 4214 4216 4219 4221 4222 4222 4222 4220 4217 4213 4212 4213 4218 4221
3542 3552 3563 3571 3578 3583 3587 3590 3594 3599 3606 3613 3622 3632 3644 3657 3671 3685 3695 3705 3715 3726 3739 3753 3765 3774 3781 3785 3792 3801 3813 3828 3845 3862 3879 3896 3914 3932 3945 3958 3970 3983 3996 4011 4025 4039 4052 4063 4071 4080 4088 4096 4104 4112 4119 4126 4133 4141 4151 4159 4167 4174 4182 4189 4195 4199 4202 4203 4203 4203 4205 4207 4210 4212 4213 4214 4212 4210 4206 4203 4201 4201 4203 4206
3528 3538 3549 3556 3561 3566 3570 3575 3579 3584 3592 3602 3614 3627 3640 3654 3667 3679 3688 3697 3706 3718 3730 3742 3752 3760 3766 3770 3781 3793 3808 3826 3845 3861 3877 3892 3908 3925 3937 3948 3959 3971 3985 3998 4011 4024 4036 4048 4057 4067 4076 4085 4093 4101 4107 4114 4121 4131 4142 4151 4159 4167 4174 4181 4188 4193 4195 4196 4195 4195 4196 4198 4201 4203 4205 4205 4204 4201 4198 4194 4192 4191 4191 4194
3513 3523 3533 3540 3546 3552 3556 3561 3567 3575 3586 3598 3612 3625 3638 3650 3661 3673 3683 3692 3701 3712 3723 3732 3740 3747 3753 3760 3773 3788 3805 3823 3841 3855 3869 3882 3896 3910 3921 3932 3943 3955 3969 3983 3996 4008 4019 4029 4040 4051 4062 4072 4080 4088 4094 4101 4110 4121 4133 4143 4152 4159 4166 4173 4179 4184 4187 4187 4186 4187 4188 4190 4192 4194 4195 4196 4194 4192 4188 4184 4181 4180 4180 4183
3499 3508 3518 3525 3532 3538 3543 3549 3558 3568 3581 3595 3610 3622 3634 3644 3655 3666 3676 3685 3695 3705 3714 3721 3728 3735 3743 3751 3766 3783 3800 3817 3833 3846 3858 3870 3882 3894 3905 3915 3926 3939 3952 3966 3979 3992 4002 4011 4024 4035 4046 4057 4066 4074 4081 4089 4099 4112 4124 4134 4143 4151 4158 4163 4169 4174 4177 4178 4178 4178 4179 4180 4182 4184 4185 4185 4184 4182 4178 4174 4171 4170 4170 4173
3487 3496 3504 3511 3518 3525 3532 3539 3551 3563 3577 3592 3605 3617 3628 3638 3647 3657 3667 3677 3687 3696 3705 3711 3717 3725 3734 3745 3761 3778 3795 3810 3823 3834 3844 3856 3867 3879 3889 3899 3910 3922 3934 3949 3963 3975 3986 3996 4008 4020 4031 4041 4051 4059 4067 4077 4089 4103 4114 4124 4133 4141 4148 4154 4160 4165 4168 4169 4169 4170 4170 4171 4171 4172 4173 4173 4172 4171 4168 4165 4162 4161 4161 4164
3480 3486 3492 3499 3506 3515 3523 3533 3546 3559 3573 3586 3599 3610 3620 3630 3639 3648 3657 3667 3677 3686 3693 3700 3707 3716 3727 3740 3757 3773 3788 3800 3811 3820 3830 3840 3852 3863 3874 3884 3894 3905 3917 3931 3945 3959 3971 3982 3994 4006 4016 4026 4034 4044 4054 4066 4079 4093 4105 4114 4123 4130 4137 4143 4150 4155 4158 4159 4160 4161 4161 4161 4161 4161 4161 4161 4161 4160 4158 4155 4154 4152 4152 4154
3476 3480 3483 3489 3497 3506 3517 3529 3542 3555 3567 3579 3591 3602 3612 3621 3630 3637 3645 3655 3665 3673 3680 3688 3697 3708 3721 3736 3751 3765 3778 3788 3797 3805 3814 3825 3836 3847 3858 3869 3879 3888 3899 3913 3928 3943 3956 3969 3980 3991 4001 4010 4019 4029 4041 4054 4069 4084 4094 4104 4112 4119 4125 4133 4140 4146 4150 4151 4151 4152 4152 4151 4150 4150 4150 4150 4149 4149 4148 4146 4145 4144 4143 4144
3479 3480 3483 3486 3491 3500 3513 3526 3538 3549 3559 3569 3581 3592 3602 3610 3617 3623 3631 3641 3651 3659 3666 3677 3687 3698 3712 3726 3738 3750 3761 3771 3780 3788 3797 3808 3819 3830 3842 3852 3861 3869 3879 3896 3913 3928 3943 3955 3966 3977 3986 3996 4005 4017 4030 4043 4057 4071 4081 4090 4099 4107 4116 4124 4131 4138 4141 4142 4142 4142 4141 4140 4140 4139 4138 4138 4138 4138 4138 4137 4136 4134 4132 4132
3486 3486 3486 3488 3491 3499 3511 3525 3535 3543 3551 3560 3570 3581 3590 3597 3604 3609 3617 3626 3636 3645 3654 3665 3676 3687 3700 3713 3724 3734 3744 3754 3763 3772 3781 3792 3802 3812 3823 3833 3842 3851 3862 3880 3899 3916 3930 3943 3953 3963 3972 3982 3992 4004 4017 4030 4043 4055 4066 4076 4086 4096 4107 4115 4123 4129 4132 4133 4132 4131 4131 4130 4130 4129 4128 4127 4126 4127 4128 4127 4126 4124 4122 4121
3496 3495 3495 3496 3498 3504 3514 3526 3534 3540 3547 3554 3562 3570 3578 3585 3591 3597 3604 3612 3621 3631 3642 3653 3663 3674 3685 3698 3708 3717 3727 3737 3747 3756 3766 3776 3785 3794 3804 3814 3823 3834 3847 3867 3887 3904 3919 3931 3941 3950 3958 3967 3978 3990 4002 4015 4026 4038 4050 4062 4073 4085 4097 4106 4114 4119 4122 4123 4122 4121 4120 4120 4119 4119 4117 4116 4116 4116 4117 4116 4115 4114 4111 4110
3509 3508 3507 3508 3510 3515 3522 3530 3536 3541 3545 3550 3555 3561 3568 3573 3579 3585 3591 3598 3607 3617 3628 3639 3648 3657 3668 3680 3691 3701 3711 3721 3731 3741 3751 3760 3769 3777 3786 3795 3806 3819 3835 3855 3874 3892 3907 3919 3928 3937 3945 3953 3963 3974 3986 3997 4008 4020 4033 4047 4061 4074 4086 4096 4103 4108 4111 4112 4112 4111 4110 4109 4109 4108 4107 4106 4105 4105 4105 4104 4103 4102 4101 4100
3523 3522 3522 3523 3526 3529 3534 3539 3544 3547 3548 3549 3552 3556 3561 3565 3570 3575 3580 3585 3592 3601 3612 3621 3629 3638 3648 3661 3673 3684 3695 3706 3715 3725 3735 3744 3753 3760 3769 3779 3791 3805 3822 3842 3861 3878 3893 3905 3915 3923 3931 3939 3948 3958 3968 3979 3990 4002 4017 4033 4048 4062 4074 4084 4091 4096 4098 4100 4101 4100 4100 4099 4098 4096 4095 4094 4093 4092 4092 4091 4090 4089 4089 4088
3541 3541 3541 3542 3544 3548 3551 3554 3557 3558 3557 3556 3556 3559 3561 3564 3567 3570 3573 3576 3580 3586 3595 3603 3611 3620 3629 3639 3652 3664 3676 3687 3698 3708 3718 3728 3737 3746 3756 3767 3779 3793 3808 3827 3844 3860 3874 3887 3896 3904 3913 3921 3931 3941 3952 3964 3975 3988 4004 4021 4037 4050 4060 4068 4076 4081 4085 4088 4089 4089 4089 4088 4088 4086 4083 4081 4079 4077 4077 4077 4077 4077 4078 4078
3560 3560 3560 3561 3563 3565 3568 3570 3572 3571 3569 3567 3566 3567 3568 3569 3570 3572 3572 3573 3576 3579 3585 3593 3600 3607 3614 3621 3632 3644 3656 3668 3679 3689 3701 3712 3722 3733 3744 3756 3768 3781 3795 3811 3827 3841 3854 3867 3876 3884 3893 3903 3913 3923 3935 3948 3961 3973 3989 4007 4023 4035 4043 4052 4060 4067 4071 4074 4076 4076 4076 4075 4075 4073 4070 4067 4064 4062 4061 4062 4062 4064 4066 4066
3579 3580 3580 3581 3582 3584 3586 3588 3589 3588 3586 3583 3582 3582 3582 3582 3581 3581 3579 3578 3579 3581 3584 3590 3595 3601 3605 3610 3618 3627 3637 3648 3659 3670 3682 3695 3708 3720 3733 3746 3757 3769 3781 3796 3809 3821 3833 3846 3855 3864 3874 3884 3895 3906 3918 3931 3944 3957 3973 3990 4005 4017 4026 4035 4043 4050 4055 4059 4060 4061 4061 4060 4059 4057 4055 4052 4049 4046 4046 4046 4047 4049 4052 4053
3599 3599 3599 3600 3602 3604 3605 3607 3608 3607 3605 3602 3600 3600 3600 3599 3598 3596 3591 3589 3588 3589 3591 3593 3596 3599 3601 3604 3609 3615 3622 3631 3640 3651 3664 3679 3693 3706 3721 3734 3746 3757 3768 3780 3791 3802 3813 3824 3834 3844 3854 3865 3876 3888 3901 3914 3927 3941 3956 3971 3985 3997 4008 4017 4026 4033 4038 4042 4044 4045 4045 4043 4041 4039 4038 4036 4034 4032 4030 4031 4032 4035 4038 4040
3618 3619 3618 3619 3621 3623 3625 3627 3627 3626 3624 3622 3620 3619 3619 3618 3616 3613 3608 3604 3602 3601 3602 3601 3601 3601 3601 3602 3604 3607 3611 3616 3622 3634 3648 3663 3677 3691 3706 3721 3733 3744 3755 3765 3774 3782 3792 3802 3812 3823 3834 3846 3857 3870 3883 3896 3910 3925 3939 3952 3964 3977 3989 3999 4008 4016 4021 4026 4029 4031 4030 4026 4022 4021 4020 4019 4018 4017 4016 4016 4018 4022 4025 4028
3637 3639 3639 3640 3641 3642 3644 3646 3645 3644 3642 3639 3637 3637 3636 3635 3632 3628 3624 3621 3618 3617 3615 3613 3611 3609 3607 3606 3607 3608 3609 3611 3615 3623 3634 3646 3659 3672 3687 3700 3712 3725 3737 3746 3755 3763 3773 3782 3792 3804 3815 3827 3840 3853 3867 3880 3893 3906 3919 3931 3943 3955 3967 3977 3987 3997 4005 4011 4014 4015 4014 4011 4006 4003 4001 4000 4002 4003 4003 4005 4007 4010 4013 4016
3654 3658 3660 3660 3660 3661 3663 3664 3663 3661 3659 3656 3653 3653 3652 3650 3647 3643 3640 3637 3635 3632 3629 3627 3624 3621 3618 3615 3614 3613 3612 3613 3614 3619 3626 3635 3646 3657 3670 3681 3692 3705 3717 3725 3734 3743 3752 3761 3772 3783 3795 3808 3821 3836 3850 3863 3875 3887 3899 3911 3923 3934 3945 3955 3966 3977 3986 3994 3996 3997 3997 3994 3989 3986 3983 3984 3987 3991 3992 3995 3998 4000 4002 4006
3672 3676 3680 3680 3680 3680 3681 3682 3681 3678 3675 3672 3669 3668 3667 3664 3661 3657 3655 3652 3649 3647 3644 3641 3637 3634 3630 3626 3625 3623 3622 3621 3620 3624 3628 3634 3641 3649 3657 3666 3676 3686 3697 3705 3714 3722 3731 3739 3750 3761 3774 3787 3801 3817 3831 3845 3857 3868 3880 3892 3903 3913 3923 3933 3945 3956 3966 3974 3977 3978 3978 3976 3972 3969 3968 3970 3974 3979 3982 3985 3988 3990 3992 3996
3690 3695 3699 3700 3700 3699 3699 3699 3698 3695 3692 3689 3686 3684 3682 3678 3674 3671 3668 3666 3663 3661 3658 3655 3651 3647 3643 3640 3639 3637 3636 3634 3633 3635 3638 3640 3642 3646 3651 3656 3662 3670 3678 3686 3694 3702 3710 3718 3728 3739 3751 3765 3780 3796 3812 3826 3838 3849 3860 3871 3882 3891 3901 3913 3924 3936 3945 3953 3957 3959 3959 3958 3955 3954 3955 3958 3963 3968 3972 3975 3978 3980 3982 3986
3708 3713 3717 3718 3718 3718 3717 3717 3716 3714 3711 3708 3704 3701 3697 3692 3686 3682 3681 3679 3678 3676 3674 3670 3665 3661 3657 3654 3653 3653 3652 3651 3650 3652 3652 3652 3650 3649 3649 3650 3652 3656 3662 3669 3677 3684 3692 3700 3709 3718 3729 3742 3757 3774 3791 3806 3819 3830 3840 3850 3860 3870 3881 3894 3906 3916 3925 3933 3937 3940 3941 3941 3939 3940 3943 3948 3954 3959 3963 3966 3968 3970 3971 3975
3725 3730 3732 3733 3733 3733 3733 3732 3731 3730 3728 3724 3720 3715 3710 3704 3699 3695 3694 3693 3692 3691 3688 3684 3679 3674 3670 3668 3667 3667 3666 3666 3667 3668 3668 3667 3665 3662 3657 3653 3651 3651 3655 3661 3667 3674 3681 3688 3695 3701 3710 3721 3736 3752 3769 3785 3800 3812 3822 3832 3842 3853 3864 3876 3887 3898 3907 3915 3920 3924 3926 3927 3926 3928 3931 3936 3943 3949 3952 3954 3956 3958 3961 3965
3741 3745 3746 3747 3747 3747 3747 3746 3745 3743 3742 3738 3734 3728 3722 3717 3711 3707 3706 3706 3706 3705 3704 3700 3694 3689 3685 3684 3683 3682 3682 3682 3683 3684 3684 3682 3679 3675 3668 3660 3655 3654 3655 3659 3663 3668 3674 3681 3685 3689 3695 3705 3718 3733 3749 3766 3781 3795 3804 3814 3825 3836 3846 3858 3869 3879 3888 3897 3902 3907 3911 3912 3913 3915 3919 3924 3930 3936 3939 3942 3946 3949 3954 3960
3756 3759 3759 3759 3759 3759 3759 3758 3756 3755 3753 3750 3747 3741 3735 3729 3724 3719 3719 3719 3720 3721 3720 3716 3711 3707 3704 3702 3700 3699 3699 3699 3700 3700 3699 3698 3695 3690 3681 3673 3666 3663 3662 3663 3664 3667 3671 3676 3680 3682 3687 3694 3705 3719 3733 3748 3764 3777 3788 3798 3809 3819 3829 3841 3852 3862 3871 3879 3885 3890 3893 3896 3898 3901 3906 3912 3919 3924 3929 3933 3938 3945 3952 3961
3769 3771 3772 3772 3772 3771 3770 3768 3766 3765 3763 3762 3759 3754 3748 3742 3736 3732 3731 3732 3734 3736 3737 3734 3730 3726 3723 3720 3718 3716 3716 3716 3717 3717 3716 3714 3711 3705 3696 3687 3681 3676 3673 3671 3670 3670 3671 3674 3677 3680 3683 3688 3695 3706 3719 3733 3747 3761 3772 3783 3793 3803 3813 3824 3836 3846 3855 3863 3868 3873 3877 3880 3883 3888 3894 3901 3908 3915 3921 3928 3936 3946 3957 3967
3781 3784 3785 3785 3784 3783 3781 3778 3776 3775 3774 3773 3772 3767 3762 3755 3750 3745 3744 3745 3748 3751 3753 3750 3747 3744 3741 3737 3734 3731 3731 3732 3733 3733 3732 3731 3727 3721 3712 3703 3696 3690 3685 3681 3677 3675 3674 3675 3677 3680 3682 3684 3688 3695 3705 3717 3731 3745 3757 3768 3779 3789 3799 3810 3822 3833 3841 3849 3854 3859 3864 3867 3871 3876 3882 3890 3900 3909 3918 3928 3939 3951 3964 3976
3791 3794 3796 3796 3795 3793 3791 3789 3788 3787 3787 3787 3786 3782 3776 3769 3763 3758 3758 3759 3761 3763 3765 3763 3760 3757 3754 3750 3748 3746 3745 3746 3747 3746 3746 3745 3742 3737 3728 3719 3711 3705 3699 3693 3688 3684 3681 3679 3681 3682 3683 3684 3685 3689 3695 3704 3717 3732 3744 3756 3766 3776 3786 3799 3811 3822 3831 3839 3844 3848 3852 3856 3860 3869 3879 3889 3901 3912 3922 3932 3944 3956 3970 3982
3802 3805 3807 3807 3805 3803 3801 3800 3799 3799 3800 3800 3801 3797 3791 3784 3777 3772 3772 3773 3774 3776 3777 3775 3773 3771 3767 3763 3761 3759 3759 3759 3759 3759 3758 3757 3755 3753 3744 3735 3727 3720 3714 3707 3700 3694 3690 3687 3687 3687 3687 3686 3685 3686 3689 3695 3706 3719 3732 3744 3755 3764 3774 3787 3800 3811 3820 3828 3833 3838 3843 3847 3853 3864 3876 3889 3902 3914 3924 3935 3946 3959 3972 3985
3814 3817 3820 3819 3817 3815 3813 3812 3811 3812 3813 3814 3815 3811 3805 3799 3792 3788 3787 3788 3789 3790 3790 3789 3787 3785 3782 3777 3775 3773 3771 3771 3772 3771 3770 3769 3768 3766 3760 3752 3744 3737 3731 3722 3715 3707 3702 3698 3698 3697 3695 3692 3689 3688 3687 3690 3698 3709 3720 3732 3743 3752 3762 3774 3787 3798 3807 3815 3822 3829 3835 3842 3849 3861 3873 3887 3900 3913 3924 3935 3947 3959 3971 3984
3827 3829 3832 3832 3831 3829 3827 3826 3825 3826 3827 3829 3830 3826 3820 3814 3808 3804 3804 3804 3804 3804 3804 3803 3802 3800 3796 3791 3788 3786 3784 3784 3785 3783 3782 3780 3780 3780 3775 3769 3763 3756 3749 3740 3731 3723 3717 3712 3711 3709 3706 3701 3696 3693 3690 3690 3694 3701 3711 3721 3731 3740 3750 3761 3773 3783 3793 3803 3811 3820 3829 3838 3847 3858 3870 3883 3897 3910 3922 3933 3945 3957 3968 3981
3839 3842 3844 3845 3845 3843 3843 3842 3842 3843 3844 3845 3845 3841 3835 3829 3825 3822 3822 3822 3822 3821 3820 3818 3816 3814 3810 3805 3802 3799 3798 3797 3797 3796 3794 3792 3792 3793 3790 3786 3782 3777 3770 3760 3751 3742 3735 3728 3725 3722 3718 3712 3706 3701 3696 3694 3693 3696 3704 3712 3720 3729 3737 3747 3758 3769 3781 3792 3803 3814 3824 3835 3844 3855 3866 3879 3892 3905 3918 3930 3941 3953 3964 3976
