data/dem/DEM_30_0000672000_0009672000.asc
ncols 800
nrows 800
xllcenter 672015.000000
yllcenter -327985.000000
cellsize 30.000000
nodata_value -9999
[rows 760 to 797 of 800, columns 168 to 251 of 800]
2814 2829 2843 2857 2871 2883 2894 2904 2913 2920 2929 2937 2943 2946 2945 2946 2946 2946 2946 2949 2949 2948 2944 2940 2934 2926 2918 2910 2905 2901 2895 2885 2872 2854 2835 2820 2803 2784 2761 2736 2716 2699 2686 2676 2670 2674 2683 2698 2719 2743 2762 2781 2801 2820 2838 2859 2881 2905 2928 2950 2974 2998 3021 3043 3064 3086 3106 3125 3142 3155 3160 3162 3160 3155 3146 3139 3134 3131 3131 3131 3126 3119 3114 3112
2817 2832 2846 2860 2873 2884 2894 2902 2909 2915 2923 2929 2933 2935 2936 2936 2936 2936 2938 2943 2948 2950 2950 2949 2946 2940 2934 2928 2924 2921 2914 2904 2889 2870 2850 2833 2814 2792 2768 2743 2726 2712 2701 2692 2685 2684 2688 2699 2719 2745 2764 2784 2803 2824 2843 2864 2887 2911 2933 2955 2978 3002 3026 3048 3069 3091 3111 3130 3146 3160 3166 3169 3169 3166 3160 3154 3151 3149 3150 3151 3147 3142 3138 3137
2819 2834 2848 2861 2873 2882 2889 2895 2901 2907 2913 2918 2920 2922 2923 2924 2923 2924 2928 2936 2944 2949 2953 2954 2954 2951 2948 2943 2940 2937 2931 2920 2904 2884 2862 2843 2821 2798 2774 2752 2739 2728 2719 2711 2701 2695 2693 2701 2719 2745 2765 2785 2806 2827 2848 2869 2892 2915 2936 2957 2981 3006 3031 3054 3075 3096 3116 3135 3151 3164 3171 3176 3178 3177 3173 3170 3169 3169 3170 3172 3169 3165 3162 3161
2821 2834 2846 2857 2867 2874 2879 2884 2890 2897 2902 2906 2907 2908 2909 2910 2911 2914 2920 2928 2936 2943 2949 2952 2954 2954 2953 2951 2948 2945 2939 2928 2913 2894 2873 2851 2828 2805 2785 2768 2759 2750 2741 2731 2718 2709 2704 2709 2723 2745 2765 2784 2804 2826 2848 2871 2894 2916 2938 2959 2982 3007 3033 3056 3077 3098 3118 3137 3153 3168 3177 3183 3187 3188 3187 3187 3188 3191 3193 3195 3191 3187 3183 3182
2820 2831 2841 2851 2859 2864 2869 2874 2880 2887 2891 2893 2894 2894 2894 2896 2899 2904 2911 2920 2928 2937 2944 2950 2954 2956 2957 2956 2954 2952 2945 2935 2921 2903 2882 2860 2837 2816 2799 2788 2780 2772 2762 2750 2736 2724 2717 2718 2727 2745 2764 2782 2802 2822 2845 2869 2893 2917 2939 2959 2982 3007 3032 3055 3078 3099 3118 3137 3154 3169 3180 3189 3196 3200 3202 3204 3207 3211 3214 3215 3211 3206 3202 3200
2816 2826 2834 2842 2847 2852 2858 2864 2870 2877 2879 2880 2881 2880 2880 2883 2888 2894 2902 2910 2919 2929 2939 2947 2954 2957 2959 2960 2960 2958 2952 2943 2930 2912 2890 2869 2849 2831 2818 2809 2803 2795 2784 2771 2755 2742 2732 2728 2733 2746 2763 2780 2798 2818 2841 2866 2891 2916 2938 2960 2981 3005 3029 3052 3076 3098 3118 3136 3153 3168 3181 3194 3204 3212 3218 3222 3226 3229 3232 3233 3229 3224 3221 3219
2809 2818 2825 2831 2835 2840 2847 2854 2860 2865 2866 2866 2866 2866 2867 2872 2878 2885 2892 2900 2910 2921 2932 2943 2952 2957 2960 2962 2964 2965 2959 2951 2939 2921 2898 2879 2862 2849 2840 2833 2826 2818 2806 2792 2776 2761 2749 2741 2741 2748 2762 2777 2794 2814 2836 2862 2888 2914 2937 2959 2980 3002 3025 3049 3074 3097 3117 3134 3150 3166 3182 3197 3211 3223 3232 3238 3242 3246 3248 3248 3245 3242 3239 3237
2800 2807 2814 2819 2822 2829 2837 2844 2850 2853 2852 2851 2851 2852 2854 2860 2868 2876 2883 2889 2900 2912 2924 2937 2948 2955 2960 2964 2967 2970 2965 2957 2945 2928 2906 2889 2876 2867 2862 2858 2849 2840 2828 2814 2798 2783 2768 2756 2751 2752 2761 2774 2791 2810 2833 2859 2886 2912 2936 2959 2980 3000 3022 3046 3073 3096 3115 3132 3148 3164 3182 3199 3216 3231 3243 3251 3257 3261 3263 3263 3261 3259 3256 3255
2787 2795 2802 2807 2810 2818 2826 2833 2838 2839 2836 2836 2837 2839 2843 2850 2859 2867 2874 2880 2891 2904 2917 2930 2941 2949 2956 2962 2968 2972 2969 2963 2952 2937 2918 2905 2896 2890 2886 2881 2871 2860 2848 2834 2819 2803 2788 2776 2767 2762 2766 2776 2791 2811 2834 2860 2887 2913 2937 2958 2979 2999 3021 3045 3071 3093 3113 3131 3147 3164 3182 3200 3218 3234 3248 3259 3266 3271 3275 3277 3275 3273 3272 3271
2773 2781 2788 2794 2798 2805 2812 2819 2823 2824 2822 2823 2825 2829 2835 2843 2851 2859 2865 2872 2884 2898 2911 2923 2935 2944 2953 2961 2968 2975 2975 2970 2960 2948 2932 2923 2917 2913 2909 2902 2892 2880 2868 2854 2838 2823 2809 2796 2784 2774 2772 2778 2792 2811 2834 2860 2887 2913 2937 2958 2978 2999 3021 3044 3068 3091 3111 3129 3146 3163 3182 3200 3218 3235 3251 3263 3272 3279 3284 3288 3288 3287 3287 3287
2759 2767 2774 2780 2785 2791 2797 2803 2807 2809 2811 2813 2817 2823 2832 2840 2847 2854 2861 2868 2880 2892 2905 2918 2929 2940 2950 2960 2970 2978 2980 2978 2971 2960 2947 2941 2938 2934 2930 2922 2911 2900 2887 2872 2856 2842 2828 2815 2801 2786 2780 2782 2792 2810 2834 2859 2886 2913 2937 2958 2978 2999 3021 3042 3065 3087 3107 3126 3144 3162 3181 3199 3218 3235 3252 3265 3275 3284 3292 3298 3300 3301 3302 3301
2744 2753 2761 2767 2772 2778 2782 2787 2792 2798 2802 2807 2814 2822 2833 2842 2849 2856 2862 2869 2879 2890 2901 2913 2925 2936 2948 2959 2971 2982 2986 2986 2982 2975 2964 2960 2957 2954 2948 2940 2929 2917 2904 2889 2874 2860 2846 2831 2815 2799 2788 2786 2793 2809 2832 2857 2884 2910 2934 2956 2977 2998 3019 3040 3061 3083 3103 3123 3142 3161 3180 3198 3217 3235 3253 3267 3278 3289 3298 3306 3310 3313 3315 3315
2728 2740 2750 2758 2763 2768 2771 2774 2781 2791 2799 2808 2817 2827 2839 2849 2857 2863 2869 2876 2884 2892 2901 2911 2921 2933 2946 2959 2973 2985 2991 2994 2993 2989 2982 2978 2975 2971 2964 2955 2944 2931 2918 2904 2889 2875 2861 2845 2829 2811 2799 2793 2797 2809 2830 2854 2879 2904 2929 2953 2974 2995 3015 3036 3057 3079 3100 3120 3140 3160 3179 3197 3215 3235 3255 3270 3283 3294 3304 3312 3318 3322 3325 3326
2718 2735 2749 2760 2766 2769 2772 2776 2783 2794 2806 2817 2827 2837 2848 2859 2868 2875 2883 2891 2898 2904 2910 2916 2923 2934 2947 2961 2976 2990 2997 3002 3004 3002 2997 2993 2989 2983 2975 2963 2952 2940 2926 2913 2899 2885 2871 2855 2838 2821 2809 2802 2803 2812 2828 2848 2870 2894 2920 2945 2967 2988 3009 3032 3055 3078 3099 3119 3139 3158 3175 3193 3212 3234 3256 3272 3286 3298 3308 3316 3323 3329 3334 3337
2715 2734 2752 2764 2773 2775 2778 2782 2789 2800 2814 2826 2837 2847 2858 2869 2878 2887 2896 2905 2911 2917 2921 2926 2931 2940 2952 2966 2981 2996 3004 3011 3014 3014 3010 3005 2999 2992 2982 2970 2958 2946 2933 2919 2907 2892 2878 2862 2846 2830 2817 2810 2809 2815 2829 2846 2866 2888 2913 2938 2960 2982 3005 3029 3054 3076 3098 3118 3137 3155 3171 3188 3208 3231 3256 3273 3288 3300 3311 3319 3326 3333 3339 3344
2715 2736 2755 2769 2780 2784 2787 2791 2797 2807 2821 2834 2846 2857 2868 2879 2888 2897 2907 2916 2923 2929 2934 2939 2944 2952 2963 2975 2989 3003 3013 3020 3024 3024 3020 3014 3006 2998 2987 2974 2962 2949 2936 2923 2911 2897 2883 2869 2854 2838 2825 2818 2816 2821 2833 2850 2869 2890 2912 2935 2957 2980 3003 3028 3052 3074 3096 3116 3135 3152 3167 3185 3205 3229 3253 3271 3287 3301 3312 3321 3328 3335 3342 3347
2718 2739 2757 2772 2785 2792 2797 2801 2806 2813 2826 2840 2853 2865 2877 2888 2898 2908 2917 2926 2934 2942 2948 2953 2958 2966 2976 2987 2999 3012 3022 3029 3033 3033 3029 3021 3012 3002 2990 2978 2965 2951 2938 2926 2914 2902 2888 2875 2861 2845 2833 2825 2824 2830 2843 2861 2879 2898 2918 2938 2960 2982 3004 3027 3049 3071 3094 3115 3134 3150 3166 3183 3203 3226 3250 3269 3285 3300 3312 3320 3328 3335 3342 3348
2723 2742 2759 2774 2787 2798 2806 2812 2816 2821 2831 2844 2858 2872 2884 2896 2907 2917 2926 2936 2946 2954 2961 2967 2972 2980 2989 2999 3010 3022 3031 3037 3041 3041 3037 3028 3017 3005 2993 2981 2967 2954 2941 2928 2918 2906 2894 2880 2867 2852 2839 2833 2834 2842 2857 2876 2895 2913 2931 2950 2969 2988 3008 3028 3048 3070 3093 3115 3135 3152 3168 3184 3203 3224 3246 3265 3282 3297 3309 3318 3325 3333 3341 3349
2727 2746 2762 2777 2790 2804 2815 2823 2827 2830 2838 2849 2862 2875 2886 2900 2913 2925 2937 2947 2958 2967 2976 2982 2986 2993 3001 3011 3021 3032 3041 3047 3050 3050 3045 3035 3023 3010 2998 2986 2973 2961 2949 2938 2928 2917 2904 2890 2874 2858 2847 2843 2847 2858 2873 2892 2912 2931 2951 2969 2986 3004 3022 3041 3059 3078 3099 3119 3139 3158 3172 3187 3203 3222 3242 3260 3276 3289 3301 3312 3322 3331 3340 3348
2729 2747 2764 2779 2793 2809 2823 2832 2837 2840 2846 2855 2866 2878 2888 2903 2917 2932 2945 2957 2968 2979 2989 2996 3001 3006 3014 3022 3032 3041 3050 3057 3060 3060 3055 3044 3032 3018 3005 2993 2982 2971 2961 2951 2942 2931 2917 2901 2883 2865 2856 2855 2861 2873 2888 2906 2926 2946 2965 2985 3001 3019 3037 3055 3072 3091 3110 3128 3147 3164 3178 3191 3206 3222 3241 3257 3271 3284 3296 3308 3318 3328 3338 3347
2729 2747 2763 2780 2796 2813 2828 2840 2846 2849 2855 2862 2871 2881 2891 2905 2921 2937 2952 2965 2978 2990 3001 3010 3016 3021 3027 3034 3042 3050 3058 3066 3070 3070 3066 3055 3042 3029 3016 3004 2994 2984 2975 2966 2958 2946 2931 2913 2893 2874 2866 2867 2874 2887 2903 2920 2939 2958 2977 2996 3013 3031 3049 3068 3086 3105 3124 3141 3157 3172 3185 3198 3211 3226 3242 3256 3269 3281 3293 3305 3316 3326 3336 3346
2728 2746 2763 2781 2799 2817 2833 2846 2854 2859 2864 2870 2877 2886 2896 2909 2924 2940 2956 2971 2985 2999 3011 3022 3031 3036 3041 3047 3053 3060 3067 3074 3078 3080 3077 3067 3055 3042 3030 3018 3008 3000 2991 2983 2975 2962 2945 2926 2905 2885 2878 2879 2887 2901 2918 2935 2952 2970 2988 3006 3024 3042 3060 3080 3100 3119 3138 3155 3170 3182 3194 3206 3218 3231 3245 3258 3269 3281 3292 3304 3315 3325 3336 3346
2729 2747 2765 2784 2804 2821 2838 2851 2862 2868 2873 2878 2885 2893 2902 2913 2927 2942 2959 2976 2992 3007 3022 3035 3045 3051 3056 3060 3065 3071 3076 3082 3087 3090 3089 3080 3069 3058 3045 3033 3025 3017 3009 3000 2991 2977 2959 2939 2918 2898 2891 2892 2900 2915 2934 2951 2967 2983 3001 3018 3035 3052 3070 3090 3112 3132 3150 3167 3181 3194 3205 3216 3227 3239 3250 3261 3272 3282 3293 3305 3316 3326 3337 3347
2729 2749 2769 2790 2810 2827 2844 2858 2869 2878 2884 2890 2897 2904 2912 2921 2933 2948 2964 2981 2998 3015 3031 3045 3057 3064 3069 3074 3078 3082 3087 3092 3097 3101 3102 3094 3085 3073 3062 3051 3042 3033 3024 3015 3005 2990 2972 2953 2933 2914 2907 2906 2914 2929 2949 2967 2984 3000 3016 3032 3048 3066 3085 3104 3124 3143 3162 3178 3193 3205 3217 3228 3239 3250 3260 3270 3279 3288 3299 3311 3322 3332 3343 3352
2730 2751 2773 2794 2816 2833 2849 2863 2876 2886 2894 2901 2908 2915 2921 2930 2942 2956 2971 2988 3006 3023 3040 3055 3069 3076 3083 3087 3091 3095 3100 3105 3109 3113 3115 3109 3099 3089 3078 3068 3058 3048 3039 3029 3018 3004 2987 2968 2950 2932 2923 2922 2928 2942 2961 2981 2998 3015 3030 3044 3061 3079 3099 3117 3135 3153 3171 3188 3202 3216 3228 3240 3251 3262 3273 3282 3289 3298 3307 3318 3329 3340 3350 3358
2734 2755 2776 2797 2819 2836 2852 2867 2880 2892 2901 2909 2917 2924 2931 2940 2951 2965 2980 2996 3014 3032 3049 3065 3080 3090 3097 3102 3106 3109 3114 3119 3124 3128 3130 3123 3114 3103 3092 3082 3071 3062 3052 3041 3030 3017 3002 2985 2967 2949 2940 2937 2942 2954 2972 2992 3010 3027 3042 3055 3071 3090 3109 3127 3143 3160 3177 3194 3210 3224 3237 3250 3263 3275 3285 3294 3301 3309 3317 3327 3338 3348 3357 3365
2741 2760 2779 2800 2820 2837 2852 2866 2879 2893 2904 2913 2922 2930 2938 2948 2960 2974 2989 3005 3024 3042 3059 3076 3091 3103 3111 3118 3122 3125 3130 3135 3140 3144 3145 3138 3128 3117 3106 3095 3084 3074 3064 3053 3041 3030 3017 3002 2985 2967 2956 2952 2955 2966 2981 3000 3019 3035 3050 3064 3080 3097 3115 3132 3148 3164 3180 3198 3214 3230 3245 3259 3272 3285 3297 3306 3313 3321 3328 3337 3348 3357 3366 3373
2750 2767 2785 2802 2819 2833 2847 2860 2874 2889 2901 2912 2923 2933 2944 2955 2968 2982 2998 3015 3033 3052 3070 3087 3102 3115 3125 3133 3138 3141 3146 3152 3157 3160 3161 3153 3143 3131 3119 3107 3096 3085 3074 3063 3051 3042 3032 3019 3003 2985 2972 2966 2968 2976 2990 3008 3025 3041 3056 3071 3085 3102 3118 3134 3150 3165 3181 3199 3217 3234 3249 3264 3278 3293 3306 3316 3325 3333 3341 3349 3359 3367 3375 3381
2753 2769 2785 2799 2811 2824 2837 2850 2865 2881 2894 2907 2919 2929 2940 2953 2968 2984 3001 3018 3038 3057 3075 3092 3107 3121 3134 3144 3151 3156 3161 3167 3172 3175 3175 3167 3157 3146 3133 3119 3106 3094 3083 3072 3064 3057 3047 3035 3020 3004 2990 2981 2979 2985 2996 3011 3027 3042 3057 3073 3088 3103 3119 3134 3149 3163 3180 3197 3214 3232 3247 3263 3278 3293 3307 3320 3332 3344 3354 3362 3371 3379 3385 3390
2750 2764 2778 2790 2800 2813 2826 2840 2855 2871 2886 2900 2913 2924 2934 2948 2964 2981 2999 3017 3037 3057 3075 3092 3108 3122 3137 3149 3158 3166 3172 3178 3183 3186 3186 3179 3170 3159 3146 3132 3118 3105 3093 3084 3077 3072 3063 3052 3038 3022 3007 2996 2991 2992 3000 3013 3027 3041 3056 3072 3088 3103 3118 3132 3146 3160 3176 3193 3210 3227 3244 3260 3276 3291 3306 3321 3337 3351 3363 3373 3381 3389 3394 3398
2741 2753 2765 2776 2786 2799 2813 2828 2844 2861 2877 2892 2906 2917 2928 2942 2958 2975 2994 3013 3033 3053 3071 3087 3103 3118 3133 3147 3159 3170 3178 3185 3189 3192 3192 3188 3181 3172 3160 3146 3132 3118 3106 3096 3091 3087 3081 3071 3057 3041 3025 3011 3002 2999 3003 3014 3026 3039 3053 3069 3085 3101 3116 3129 3142 3156 3171 3187 3204 3221 3238 3256 3272 3288 3303 3321 3339 3356 3369 3381 3390 3397 3402 3406
2728 2739 2749 2760 2771 2785 2799 2815 2832 2849 2866 2882 2896 2910 2922 2936 2952 2968 2987 3006 3026 3045 3063 3078 3093 3108 3124 3139 3154 3168 3179 3187 3192 3194 3195 3193 3189 3182 3173 3161 3147 3133 3120 3111 3105 3103 3098 3089 3076 3059 3041 3025 3012 3005 3006 3014 3024 3036 3048 3062 3079 3096 3112 3124 3136 3150 3165 3180 3197 3215 3232 3249 3266 3283 3300 3321 3340 3358 3373 3387 3396 3403 3409 3413
2712 2722 2732 2743 2755 2769 2785 2802 2819 2836 2853 2870 2886 2901 2915 2930 2945 2962 2980 2998 3017 3035 3051 3066 3080 3095 3111 3127 3144 3162 3176 3185 3191 3195 3198 3197 3195 3191 3184 3175 3162 3149 3136 3127 3122 3119 3114 3105 3091 3074 3055 3037 3021 3011 3008 3014 3022 3031 3042 3055 3073 3091 3106 3119 3130 3145 3159 3174 3191 3208 3225 3242 3259 3278 3298 3320 3340 3359 3375 3391 3401 3409 3416 3421
2691 2703 2716 2728 2739 2754 2772 2790 2808 2826 2843 2860 2876 2892 2908 2924 2941 2957 2973 2989 3007 3024 3039 3053 3066 3080 3094 3110 3129 3151 3169 3182 3191 3196 3199 3198 3197 3195 3191 3185 3175 3163 3151 3143 3137 3129 3121 3110 3096 3079 3061 3045 3030 3019 3013 3017 3022 3028 3037 3048 3065 3082 3099 3114 3127 3141 3155 3170 3187 3204 3222 3240 3259 3279 3299 3321 3342 3361 3378 3394 3404 3413 3421 3427
2674 2688 2702 2715 2728 2744 2761 2780 2799 2817 2834 2851 2868 2885 2903 2920 2937 2953 2967 2981 2997 3013 3027 3040 3052 3065 3079 3096 3117 3141 3162 3179 3190 3196 3199 3199 3198 3197 3195 3191 3184 3174 3163 3154 3147 3136 3125 3112 3097 3081 3066 3051 3038 3028 3021 3023 3026 3030 3036 3044 3058 3075 3092 3109 3125 3139 3153 3168 3185 3203 3222 3242 3262 3282 3302 3324 3344 3363 3380 3396 3407 3416 3425 3432
2662 2676 2691 2707 2722 2738 2754 2772 2791 2810 2828 2846 2863 2882 2900 2917 2933 2948 2961 2974 2988 3002 3016 3028 3040 3053 3068 3085 3107 3132 3155 3174 3187 3195 3198 3198 3199 3198 3197 3195 3190 3181 3172 3162 3152 3140 3126 3113 3098 3083 3070 3057 3046 3038 3032 3032 3034 3036 3039 3044 3055 3070 3087 3106 3124 3139 3154 3169 3186 3205 3225 3246 3266 3286 3306 3327 3346 3364 3381 3396 3407 3418 3428 3437
2654 2668 2684 2701 2718 2735 2751 2767 2785 2804 2823 2842 2861 2880 2899 2916 2931 2944 2956 2967 2980 2992 3005 3017 3029 3043 3059 3078 3100 3124 3148 3168 3183 3191 3195 3197 3198 3199 3198 3197 3193 3186 3178 3167 3156 3142 3128 3114 3100 3087 3076 3065 3056 3049 3046 3045 3045 3045 3045 3047 3056 3068 3084 3103 3123 3140 3155 3171 3189 3208 3229 3250 3271 3289 3307 3327 3346 3363 3379 3394 3406 3419 3430 3440
2648 2663 2679 2696 2716 2733 2749 2765 2783 2802 2821 2839 2858 2879 2900 2915 2929 2941 2951 2961 2972 2984 2996 3008 3020 3034 3051 3070 3092 3116 3139 3160 3176 3187 3192 3195 3197 3198 3199 3198 3194 3189 3181 3171 3159 3145 3131 3118 3106 3095 3085 3075 3068 3063 3061 3060 3059 3057 3056 3055 3060 3070 3083 3101 3121 3139 3156 3173 3191 3210 3232 3253 3273 3290 3306 3325 3343 3360 3376 3390 3405 3419 3432 3442
