data/dem/DEM_30_0000672000_0009672000.asc
ncols 800
nrows 800
xllcenter 672015.000000
yllcenter -327985.000000
cellsize 30.000000
nodata_value -9999
[rows 0 to 37 of 800, columns 336 to 419 of 800]
2577 2597 2616 2632 2647 2664 2683 2706 2731 2755 2776 2793 2803 2815 2827 2840 2855 2872 2888 2902 2913 2920 2927 2936 2945 2956 2969 2980 2990 2999 3011 3023 3032 3040 3046 3051 3057 3066 3074 3078 3079 3080 3080 3080 3080 3080 3080 3083 3089 3097 3105 3110 3114 3119 3126 3137 3152 3168 3185 3202 3221 3240 3256 3269 3283 3299 3318 3334 3350 3367 3385 3403 3421 3441 3462 3487 3515 3541 3566 3589 3614 3642 3671 3695
2569 2588 2607 2624 2642 2660 2680 2704 2729 2751 2768 2782 2799 2816 2832 2845 2858 2878 2897 2911 2919 2924 2932 2941 2950 2959 2968 2983 3001 3018 3030 3039 3048 3060 3072 3078 3081 3086 3091 3096 3098 3097 3097 3098 3101 3105 3109 3113 3116 3117 3118 3120 3124 3131 3141 3152 3163 3177 3194 3211 3230 3247 3264 3280 3296 3311 3325 3339 3351 3365 3382 3402 3424 3446 3469 3491 3516 3539 3560 3581 3606 3636 3664 3690
2555 2573 2596 2617 2636 2653 2669 2687 2706 2727 2752 2779 2800 2820 2836 2851 2865 2882 2899 2914 2924 2932 2942 2952 2961 2970 2981 2993 3006 3019 3032 3044 3055 3067 3081 3096 3111 3116 3118 3119 3120 3120 3120 3120 3120 3120 3122 3125 3129 3132 3136 3139 3144 3150 3158 3165 3174 3187 3201 3216 3235 3255 3270 3284 3300 3319 3339 3353 3367 3383 3400 3417 3434 3454 3476 3501 3525 3550 3575 3598 3619 3643 3673 3697
2555 2572 2592 2611 2629 2646 2664 2684 2704 2726 2749 2772 2794 2815 2834 2850 2864 2880 2895 2909 2919 2928 2939 2949 2960 2969 2980 2992 3005 3019 3035 3049 3061 3073 3087 3101 3116 3124 3131 3137 3143 3148 3149 3149 3147 3145 3144 3147 3150 3153 3156 3158 3160 3163 3169 3176 3185 3197 3211 3226 3244 3263 3280 3297 3315 3333 3352 3368 3383 3399 3416 3433 3449 3467 3489 3515 3543 3565 3586 3606 3629 3655 3683 3706
2560 2577 2594 2612 2629 2646 2663 2683 2703 2724 2746 2767 2788 2810 2831 2848 2862 2876 2888 2900 2912 2923 2935 2947 2958 2968 2978 2990 3003 3018 3034 3050 3063 3078 3092 3108 3122 3133 3143 3151 3160 3167 3169 3168 3166 3164 3162 3165 3167 3170 3172 3174 3176 3179 3183 3189 3196 3207 3220 3234 3252 3271 3290 3308 3326 3344 3364 3380 3396 3411 3428 3446 3462 3481 3503 3527 3554 3577 3597 3618 3641 3668 3692 3713
2569 2585 2600 2616 2631 2647 2662 2681 2700 2720 2741 2761 2782 2805 2826 2843 2858 2870 2881 2892 2905 2917 2930 2943 2955 2965 2975 2987 3000 3014 3031 3047 3063 3080 3096 3113 3128 3140 3152 3163 3173 3182 3184 3184 3183 3182 3182 3184 3186 3188 3191 3193 3194 3196 3199 3203 3208 3217 3228 3242 3258 3278 3297 3316 3334 3353 3372 3388 3403 3419 3437 3455 3473 3493 3514 3539 3565 3589 3611 3633 3656 3680 3701 3719
2579 2592 2606 2620 2634 2647 2661 2677 2695 2714 2734 2755 2777 2799 2819 2837 2851 2863 2874 2885 2898 2911 2925 2938 2950 2961 2971 2983 2995 3009 3026 3044 3062 3080 3098 3116 3133 3147 3161 3174 3185 3194 3198 3200 3201 3201 3202 3205 3208 3211 3213 3214 3214 3215 3217 3219 3223 3229 3237 3249 3265 3284 3303 3322 3340 3358 3376 3392 3408 3424 3442 3461 3481 3502 3525 3549 3575 3601 3625 3649 3671 3691 3709 3726
2589 2599 2610 2622 2634 2646 2658 2673 2689 2707 2727 2748 2770 2791 2811 2829 2844 2856 2867 2879 2890 2903 2917 2931 2944 2956 2967 2978 2991 3005 3022 3042 3061 3080 3099 3118 3136 3152 3168 3183 3195 3204 3211 3215 3218 3221 3224 3229 3234 3238 3239 3239 3238 3237 3238 3239 3239 3242 3248 3257 3272 3289 3308 3327 3344 3361 3378 3393 3409 3427 3446 3467 3489 3511 3535 3560 3586 3612 3638 3663 3684 3702 3718 3732
2593 2602 2611 2621 2631 2642 2653 2667 2681 2697 2717 2738 2760 2782 2802 2821 2836 2847 2858 2870 2881 2893 2908 2922 2936 2949 2962 2974 2988 3003 3020 3040 3061 3080 3100 3120 3139 3156 3174 3189 3202 3212 3220 3226 3232 3237 3243 3251 3258 3264 3266 3265 3263 3262 3261 3259 3257 3257 3261 3268 3280 3296 3314 3333 3349 3365 3380 3396 3414 3432 3452 3474 3497 3521 3545 3570 3595 3621 3646 3670 3690 3707 3720 3732
2594 2601 2608 2617 2627 2638 2648 2661 2674 2689 2707 2728 2750 2772 2793 2811 2827 2838 2848 2860 2871 2884 2899 2914 2928 2943 2958 2971 2985 3000 3018 3039 3060 3080 3100 3120 3140 3159 3177 3193 3207 3218 3227 3235 3243 3251 3260 3269 3278 3285 3289 3289 3287 3285 3282 3279 3274 3272 3274 3280 3290 3303 3321 3338 3355 3369 3384 3400 3418 3437 3458 3480 3504 3528 3552 3576 3600 3626 3650 3673 3692 3708 3717 3725
2590 2596 2603 2611 2621 2632 2643 2655 2668 2683 2700 2719 2740 2762 2782 2800 2816 2827 2839 2851 2863 2877 2892 2907 2922 2938 2953 2967 2981 2997 3015 3036 3058 3079 3099 3119 3140 3159 3178 3195 3210 3222 3232 3242 3252 3262 3272 3284 3294 3303 3308 3310 3308 3306 3303 3298 3291 3288 3289 3293 3301 3312 3328 3344 3360 3374 3388 3404 3422 3441 3463 3486 3510 3533 3555 3578 3601 3626 3650 3672 3691 3704 3709 3713
2583 2588 2595 2604 2614 2625 2637 2649 2663 2677 2693 2711 2732 2752 2772 2789 2804 2817 2830 2843 2857 2871 2885 2901 2917 2933 2949 2963 2978 2994 3012 3034 3057 3078 3098 3118 3138 3158 3178 3195 3211 3224 3235 3247 3259 3271 3283 3295 3307 3316 3323 3327 3327 3326 3322 3316 3310 3306 3306 3309 3315 3324 3337 3351 3365 3380 3394 3409 3426 3445 3466 3490 3514 3536 3557 3577 3598 3622 3646 3668 3686 3698 3698 3698
2573 2578 2586 2595 2605 2617 2630 2643 2657 2672 2688 2705 2725 2744 2763 2780 2795 2809 2824 2838 2852 2866 2880 2896 2913 2929 2944 2960 2976 2992 3011 3033 3056 3077 3097 3117 3137 3157 3177 3195 3210 3224 3237 3251 3264 3278 3291 3304 3316 3326 3334 3340 3342 3342 3339 3335 3330 3327 3327 3328 3331 3337 3347 3360 3373 3387 3401 3416 3432 3450 3470 3493 3517 3539 3557 3575 3593 3615 3638 3660 3677 3687 3684 3679
2562 2568 2576 2585 2596 2607 2620 2634 2649 2666 2684 2704 2723 2742 2760 2776 2791 2805 2820 2834 2847 2860 2874 2889 2906 2924 2942 2959 2976 2994 3013 3034 3056 3076 3095 3114 3135 3156 3176 3194 3210 3224 3238 3253 3268 3282 3295 3309 3321 3331 3339 3347 3351 3353 3353 3352 3350 3350 3349 3349 3350 3352 3361 3372 3384 3397 3410 3426 3443 3461 3480 3500 3520 3537 3552 3566 3582 3602 3624 3645 3662 3672 3667 3660
2557 2563 2570 2579 2588 2600 2611 2626 2642 2661 2682 2704 2723 2741 2758 2773 2787 2801 2816 2830 2843 2855 2869 2883 2900 2919 2940 2958 2976 2994 3014 3035 3056 3075 3093 3112 3132 3154 3174 3192 3208 3223 3237 3253 3269 3284 3298 3312 3324 3335 3344 3352 3358 3363 3366 3367 3369 3369 3368 3368 3367 3367 3376 3385 3396 3408 3421 3437 3454 3471 3488 3505 3519 3531 3541 3553 3566 3585 3606 3627 3643 3653 3647 3640
2558 2564 2569 2576 2585 2595 2606 2621 2637 2657 2680 2705 2724 2741 2756 2771 2784 2798 2811 2825 2839 2852 2865 2879 2895 2915 2937 2955 2974 2992 3012 3035 3056 3075 3092 3110 3129 3150 3170 3189 3205 3220 3236 3252 3269 3284 3299 3314 3327 3338 3348 3357 3366 3373 3379 3383 3385 3385 3385 3384 3383 3383 3390 3398 3408 3420 3434 3449 3465 3480 3495 3507 3514 3519 3525 3534 3546 3564 3584 3604 3620 3630 3625 3617
2566 2569 2573 2578 2585 2593 2604 2618 2634 2654 2679 2706 2725 2741 2755 2768 2782 2794 2806 2820 2835 2850 2863 2877 2892 2912 2934 2953 2971 2990 3010 3034 3056 3075 3093 3110 3127 3146 3166 3184 3201 3217 3235 3251 3267 3283 3300 3315 3330 3342 3353 3363 3374 3384 3391 3397 3400 3400 3400 3399 3398 3398 3404 3412 3422 3434 3448 3462 3476 3488 3499 3506 3505 3504 3505 3512 3524 3541 3560 3578 3593 3604 3600 3593
2578 2580 2581 2583 2587 2594 2603 2616 2632 2652 2678 2707 2726 2741 2754 2766 2779 2790 2801 2815 2832 2850 2863 2875 2890 2909 2932 2952 2970 2989 3009 3033 3056 3075 3093 3109 3125 3143 3161 3179 3197 3215 3233 3251 3267 3283 3300 3317 3332 3346 3358 3370 3382 3393 3402 3409 3414 3415 3414 3413 3413 3414 3420 3428 3438 3450 3463 3475 3485 3494 3500 3501 3493 3487 3484 3489 3500 3516 3533 3550 3566 3578 3575 3568
2595 2594 2593 2594 2597 2603 2612 2624 2637 2656 2680 2708 2727 2742 2755 2766 2778 2790 2803 2817 2835 2853 2866 2880 2895 2913 2933 2953 2971 2989 3010 3034 3057 3076 3093 3109 3125 3143 3160 3178 3195 3213 3233 3252 3269 3285 3301 3318 3335 3351 3364 3377 3389 3400 3411 3419 3425 3426 3427 3427 3428 3430 3435 3442 3451 3461 3471 3478 3484 3488 3489 3485 3475 3468 3464 3466 3472 3486 3501 3517 3533 3546 3546 3542
2610 2609 2609 2610 2613 2619 2628 2638 2650 2665 2686 2711 2729 2744 2757 2768 2780 2793 2808 2824 2841 2858 2873 2887 2903 2920 2938 2956 2974 2992 3012 3036 3058 3077 3094 3111 3127 3146 3163 3180 3196 3212 3234 3254 3272 3289 3305 3323 3340 3357 3371 3384 3396 3408 3418 3427 3432 3434 3435 3436 3438 3441 3446 3452 3459 3466 3472 3474 3474 3473 3470 3464 3454 3447 3444 3443 3446 3456 3469 3483 3499 3513 3516 3516
2624 2625 2628 2631 2635 2641 2648 2657 2667 2680 2696 2716 2732 2747 2760 2772 2785 2799 2814 2831 2848 2865 2880 2896 2912 2928 2944 2962 2979 2997 3017 3039 3060 3080 3098 3115 3133 3152 3170 3185 3200 3216 3236 3257 3277 3295 3312 3331 3348 3365 3379 3391 3404 3415 3425 3432 3436 3437 3439 3441 3444 3448 3452 3456 3460 3464 3465 3462 3458 3453 3447 3440 3431 3425 3421 3420 3421 3428 3438 3450 3465 3481 3487 3491
2636 2640 2646 2652 2658 2664 2669 2677 2686 2696 2708 2722 2737 2751 2765 2778 2792 2806 2821 2838 2855 2872 2888 2904 2921 2936 2952 2969 2987 3005 3024 3044 3065 3084 3103 3122 3141 3161 3178 3194 3208 3223 3242 3263 3284 3304 3322 3341 3359 3375 3388 3400 3411 3422 3430 3435 3438 3439 3441 3444 3447 3451 3453 3454 3455 3455 3452 3446 3438 3431 3423 3417 3409 3402 3398 3395 3395 3401 3408 3419 3434 3451 3460 3467
2644 2651 2660 2669 2676 2683 2689 2696 2703 2712 2721 2731 2744 2757 2771 2786 2800 2814 2828 2843 2860 2878 2896 2913 2929 2945 2961 2978 2996 3014 3033 3052 3071 3091 3110 3130 3150 3170 3187 3203 3218 3233 3252 3273 3294 3314 3333 3352 3370 3386 3399 3410 3420 3428 3434 3438 3439 3440 3442 3445 3449 3451 3450 3449 3446 3442 3435 3426 3418 3409 3402 3395 3388 3381 3376 3372 3370 3373 3380 3390 3405 3422 3433 3443
2644 2652 2662 2671 2679 2688 2696 2704 2712 2720 2729 2740 2751 2764 2779 2794 2808 2822 2836 2850 2867 2885 2904 2923 2940 2956 2970 2988 3006 3025 3044 3063 3083 3102 3122 3141 3162 3181 3199 3216 3232 3249 3269 3291 3311 3330 3347 3363 3379 3394 3408 3420 3427 3433 3437 3438 3439 3440 3442 3444 3447 3448 3444 3439 3433 3426 3417 3408 3398 3389 3382 3377 3371 3364 3358 3352 3347 3349 3353 3361 3375 3391 3405 3417
2640 2649 2659 2669 2679 2688 2697 2706 2715 2724 2734 2745 2757 2771 2786 2801 2815 2829 2843 2858 2874 2892 2913 2932 2950 2966 2981 2998 3017 3036 3055 3075 3096 3116 3135 3155 3175 3194 3212 3230 3248 3266 3288 3309 3328 3346 3360 3373 3386 3400 3413 3425 3431 3435 3437 3438 3439 3440 3441 3443 3445 3446 3440 3432 3423 3412 3402 3391 3380 3371 3363 3358 3352 3345 3338 3331 3326 3326 3328 3334 3346 3361 3376 3388
2631 2642 2654 2665 2676 2685 2695 2704 2714 2724 2734 2746 2760 2775 2791 2807 2821 2836 2850 2866 2882 2900 2920 2939 2957 2974 2992 3009 3027 3046 3067 3088 3109 3130 3150 3169 3188 3206 3224 3243 3263 3284 3306 3326 3344 3359 3372 3382 3393 3404 3415 3426 3431 3434 3435 3436 3437 3439 3441 3442 3444 3443 3437 3428 3417 3404 3390 3377 3365 3355 3346 3339 3331 3324 3317 3310 3305 3304 3306 3311 3320 3332 3345 3357
2619 2632 2646 2658 2670 2680 2689 2699 2710 2720 2732 2745 2761 2778 2796 2811 2826 2841 2857 2873 2889 2907 2926 2945 2963 2982 3001 3019 3038 3057 3078 3101 3123 3144 3165 3183 3200 3218 3236 3256 3278 3301 3322 3340 3356 3369 3380 3389 3398 3406 3415 3424 3428 3430 3431 3433 3435 3437 3439 3440 3441 3440 3433 3425 3413 3399 3383 3367 3353 3340 3330 3320 3311 3302 3295 3289 3285 3284 3286 3290 3296 3303 3315 3326
2607 2622 2637 2650 2661 2673 2683 2694 2705 2716 2728 2742 2761 2780 2798 2815 2831 2846 2862 2879 2895 2914 2932 2950 2968 2989 3010 3029 3048 3068 3091 3114 3136 3157 3177 3195 3212 3230 3250 3270 3293 3316 3335 3351 3364 3376 3386 3392 3399 3406 3413 3420 3422 3424 3425 3428 3431 3433 3435 3436 3437 3436 3430 3421 3409 3395 3379 3360 3343 3327 3314 3302 3292 3282 3274 3268 3265 3265 3266 3269 3273 3276 3286 3297
2595 2612 2627 2641 2653 2666 2679 2691 2703 2715 2728 2742 2763 2782 2800 2818 2835 2850 2865 2881 2898 2917 2936 2954 2973 2994 3016 3036 3056 3078 3103 3128 3149 3170 3189 3206 3223 3244 3266 3288 3309 3329 3345 3358 3368 3375 3380 3385 3389 3395 3401 3407 3410 3411 3413 3415 3417 3421 3426 3431 3434 3434 3427 3418 3405 3391 3374 3354 3335 3317 3301 3288 3276 3266 3258 3252 3248 3248 3250 3252 3254 3256 3263 3270
2584 2603 2619 2634 2648 2662 2677 2690 2703 2716 2729 2744 2764 2783 2802 2819 2837 2852 2867 2883 2900 2920 2939 2958 2978 2999 3022 3043 3065 3088 3113 3139 3161 3181 3200 3219 3237 3259 3282 3304 3323 3339 3350 3359 3365 3368 3369 3371 3373 3378 3383 3389 3391 3393 3395 3397 3400 3405 3413 3420 3425 3426 3420 3412 3401 3387 3369 3348 3327 3307 3290 3274 3261 3250 3242 3237 3234 3233 3235 3237 3238 3239 3243 3249
2574 2595 2612 2628 2644 2660 2676 2689 2702 2716 2730 2745 2766 2784 2802 2820 2838 2854 2869 2886 2904 2924 2944 2965 2985 3006 3029 3052 3075 3099 3123 3148 3170 3191 3212 3232 3253 3275 3297 3317 3333 3345 3351 3355 3356 3355 3353 3353 3354 3356 3360 3364 3367 3370 3374 3377 3380 3386 3394 3401 3408 3411 3410 3405 3396 3383 3364 3342 3320 3299 3279 3261 3247 3236 3228 3222 3219 3219 3221 3222 3224 3224 3227 3232
2564 2587 2607 2624 2642 2659 2676 2689 2702 2715 2730 2747 2767 2786 2804 2822 2840 2856 2873 2890 2910 2931 2951 2972 2993 3015 3037 3061 3085 3109 3133 3156 3178 3201 3223 3246 3269 3291 3311 3328 3340 3348 3348 3347 3344 3339 3334 3331 3331 3333 3334 3337 3341 3346 3350 3355 3359 3365 3371 3379 3386 3393 3396 3395 3389 3377 3359 3337 3314 3290 3268 3248 3233 3221 3213 3208 3205 3206 3207 3208 3210 3211 3214 3218
2556 2581 2602 2621 2640 2658 2675 2688 2702 2715 2731 2749 2770 2788 2806 2825 2843 2860 2878 2896 2916 2937 2958 2979 3001 3022 3045 3071 3096 3119 3142 3165 3187 3210 3235 3260 3284 3307 3325 3338 3346 3348 3343 3336 3329 3320 3312 3309 3309 3310 3311 3312 3317 3322 3327 3331 3336 3342 3349 3357 3366 3375 3381 3383 3379 3369 3351 3330 3307 3282 3258 3235 3219 3207 3199 3193 3191 3193 3194 3195 3196 3198 3201 3206
2555 2581 2602 2622 2640 2658 2675 2689 2703 2718 2735 2754 2775 2794 2812 2830 2848 2865 2885 2905 2924 2944 2964 2985 3007 3030 3053 3079 3105 3129 3152 3174 3196 3220 3244 3270 3296 3316 3333 3343 3345 3341 3332 3322 3312 3302 3293 3290 3289 3291 3291 3293 3297 3301 3304 3308 3312 3320 3328 3337 3347 3356 3363 3367 3365 3356 3342 3324 3302 3278 3251 3226 3208 3194 3184 3178 3176 3177 3178 3178 3179 3181 3186 3193
2559 2584 2605 2623 2641 2658 2675 2690 2705 2721 2740 2760 2781 2801 2819 2836 2853 2871 2891 2912 2933 2952 2971 2992 3014 3037 3062 3089 3114 3139 3161 3182 3206 3229 3253 3278 3303 3322 3336 3342 3340 3331 3318 3306 3294 3283 3274 3271 3270 3271 3271 3272 3275 3278 3281 3284 3289 3299 3308 3318 3328 3338 3346 3350 3350 3343 3332 3316 3296 3271 3244 3217 3199 3183 3172 3165 3162 3161 3160 3161 3162 3164 3171 3178
2568 2589 2608 2625 2642 2659 2677 2692 2708 2726 2745 2767 2788 2807 2825 2842 2858 2876 2897 2919 2941 2961 2980 3001 3022 3046 3072 3099 3124 3148 3171 3192 3215 3238 3261 3284 3308 3324 3334 3336 3330 3317 3302 3288 3276 3264 3255 3251 3250 3249 3249 3248 3251 3254 3258 3263 3269 3279 3289 3300 3310 3319 3327 3332 3333 3329 3322 3307 3286 3261 3234 3209 3190 3175 3162 3154 3148 3145 3144 3143 3145 3148 3155 3163
2577 2595 2612 2628 2645 2663 2681 2697 2713 2732 2752 2773 2794 2813 2831 2848 2864 2883 2904 2926 2949 2971 2990 3011 3033 3057 3084 3109 3134 3157 3179 3201 3224 3247 3269 3289 3309 3322 3328 3326 3316 3300 3284 3269 3257 3246 3236 3232 3230 3229 3227 3226 3229 3233 3238 3244 3251 3261 3270 3281 3291 3301 3309 3314 3316 3314 3310 3295 3275 3250 3224 3199 3182 3167 3154 3144 3136 3131 3128 3127 3129 3132 3140 3147
2585 2601 2617 2633 2651 2669 2688 2704 2721 2739 2759 2780 2800 2819 2837 2853 2870 2890 2911 2933 2957 2981 3001 3021 3043 3068 3096 3120 3143 3165 3187 3210 3233 3255 3275 3293 3309 3317 3319 3314 3301 3283 3265 3250 3238 3227 3218 3215 3213 3211 3209 3207 3210 3214 3219 3226 3233 3242 3252 3262 3273 3283 3291 3297 3300 3300 3297 3283 3263 3239 3213 3189 3173 3159 3146 3135 3124 3118 3114 3112 3114 3117 3125 3131
