data/dem/DEM_30_0000696000_0009672000.asc
ncols 800
nrows 800
xllcenter 696015.000000
yllcenter -327985.000000
cellsize 30.000000
nodata_value -9999
[rows 646 to 683 of 800, columns 420 to 503 of 800]
3090 3095 3101 3107 3110 3110 3108 3101 3082 3060 3039 3019 3004 2994 2990 2991 2996 3002 3009 3020 3034 3050 3066 3078 3089 3098 3105 3112 3111 3106 3097 3087 3076 3067 3060 3055 3055 3059 3062 3062 3058 3048 3034 3016 3000 2985 2971 2960 2952 2949 2950 2955 2964 2964 2960 2953 2942 2932 2926 2922 2918 2914 2909 2902 2894 2886 2877 2870 2862 2854 2844 2836 2827 2822 2819 2817 2815 2814 2812 2810 2807 2806 2805 2805
3078 3083 3089 3098 3105 3109 3108 3103 3085 3065 3043 3023 3004 2989 2980 2978 2982 2988 2996 3007 3019 3033 3047 3060 3070 3078 3086 3093 3092 3087 3078 3068 3057 3049 3042 3039 3039 3043 3047 3048 3044 3035 3020 3002 2985 2970 2956 2944 2937 2933 2935 2941 2950 2949 2944 2936 2924 2913 2907 2902 2898 2893 2887 2881 2873 2864 2856 2848 2844 2839 2834 2828 2821 2816 2811 2807 2805 2805 2804 2803 2802 2802 2802 2801
3066 3073 3080 3092 3102 3108 3108 3100 3081 3061 3041 3022 3003 2987 2975 2970 2970 2975 2982 2991 3002 3014 3028 3040 3050 3059 3068 3077 3075 3069 3060 3049 3037 3029 3023 3020 3022 3028 3033 3035 3032 3022 3007 2988 2970 2954 2941 2930 2923 2920 2923 2929 2934 2933 2928 2919 2908 2897 2891 2885 2879 2872 2864 2857 2848 2839 2832 2828 2826 2824 2822 2819 2815 2811 2807 2804 2802 2802 2802 2801 2801 2800 2801 2800
3053 3062 3073 3086 3098 3106 3105 3095 3075 3055 3036 3018 3000 2984 2970 2962 2960 2963 2969 2977 2986 2997 3010 3022 3032 3041 3050 3060 3059 3053 3044 3033 3020 3011 3005 3003 3005 3012 3019 3023 3020 3011 2996 2976 2957 2941 2928 2918 2910 2907 2910 2914 2917 2916 2911 2903 2893 2882 2876 2869 2861 2852 2844 2836 2828 2820 2815 2813 2813 2814 2813 2811 2808 2807 2804 2802 2801 2801 2801 2800 2800 2800 2800 2800
3041 3052 3065 3080 3094 3101 3099 3088 3069 3050 3031 3013 2996 2980 2965 2954 2950 2952 2957 2963 2971 2981 2993 3004 3014 3023 3033 3042 3043 3039 3032 3020 3007 2997 2989 2987 2989 2996 3005 3010 3009 3002 2988 2967 2948 2932 2918 2908 2899 2894 2894 2896 2898 2897 2894 2887 2878 2869 2861 2853 2845 2836 2827 2821 2815 2810 2806 2805 2807 2807 2807 2805 2804 2803 2802 2801 2801 2801 2801 2801 2801 2801 2801 2801
3029 3043 3058 3074 3087 3094 3092 3082 3064 3046 3028 3010 2993 2977 2961 2948 2942 2941 2945 2950 2958 2967 2977 2987 2997 3006 3016 3025 3028 3027 3021 3010 2995 2984 2976 2972 2974 2981 2991 2997 2998 2992 2980 2960 2941 2925 2911 2900 2889 2881 2877 2877 2879 2880 2878 2873 2865 2856 2848 2839 2831 2823 2815 2811 2808 2805 2803 2803 2803 2803 2803 2802 2802 2801 2801 2801 2801 2801 2802 2802 2803 2804 2804 2804
3019 3035 3052 3067 3079 3085 3085 3077 3062 3045 3028 3009 2992 2976 2959 2946 2936 2931 2933 2938 2945 2953 2962 2971 2980 2990 2999 3009 3014 3015 3010 2999 2985 2972 2963 2959 2960 2967 2977 2984 2986 2982 2970 2951 2933 2917 2904 2893 2881 2871 2863 2861 2862 2863 2863 2859 2853 2844 2835 2827 2819 2813 2808 2805 2803 2802 2802 2801 2801 2801 2801 2801 2802 2801 2801 2801 2801 2801 2803 2805 2807 2808 2809 2808
3011 3027 3043 3056 3068 3076 3079 3074 3062 3048 3032 3014 2997 2981 2965 2951 2939 2930 2929 2930 2933 2938 2946 2955 2965 2975 2985 2996 3002 3004 3001 2990 2974 2959 2948 2943 2944 2950 2960 2967 2971 2968 2959 2942 2925 2909 2896 2886 2876 2866 2858 2854 2853 2853 2852 2849 2844 2837 2829 2821 2814 2810 2806 2804 2803 2803 2803 2803 2802 2801 2802 2803 2804 2804 2805 2805 2804 2803 2805 2810 2815 2819 2821 2821
3005 3019 3032 3043 3055 3065 3070 3069 3060 3049 3036 3020 3004 2988 2973 2958 2945 2933 2928 2926 2925 2926 2929 2939 2950 2960 2971 2982 2990 2993 2991 2981 2965 2948 2935 2929 2928 2933 2943 2951 2955 2954 2947 2932 2916 2901 2888 2879 2870 2861 2854 2850 2847 2846 2844 2842 2837 2830 2824 2817 2812 2808 2805 2804 2804 2805 2807 2807 2806 2806 2807 2808 2811 2811 2812 2813 2813 2813 2817 2822 2829 2835 2837 2838
2997 3009 3019 3029 3041 3052 3059 3060 3055 3048 3038 3026 3013 2997 2982 2966 2952 2940 2932 2926 2921 2917 2915 2924 2934 2945 2956 2968 2977 2981 2979 2970 2954 2937 2924 2916 2914 2917 2926 2934 2938 2938 2932 2920 2907 2892 2880 2870 2863 2855 2849 2845 2843 2840 2838 2835 2831 2825 2819 2814 2809 2806 2805 2805 2806 2809 2812 2815 2815 2815 2816 2819 2823 2824 2825 2827 2829 2832 2836 2843 2849 2854 2855 2857
2987 2996 3004 3014 3026 3037 3045 3048 3047 3045 3040 3032 3021 3007 2991 2976 2962 2949 2939 2930 2921 2912 2905 2910 2918 2928 2940 2952 2962 2967 2966 2958 2944 2928 2914 2905 2901 2901 2909 2916 2919 2919 2915 2906 2895 2882 2871 2862 2855 2850 2845 2842 2839 2836 2833 2830 2826 2821 2816 2811 2807 2805 2805 2807 2810 2815 2821 2826 2827 2828 2829 2833 2838 2842 2843 2845 2848 2854 2859 2865 2870 2873 2873 2876
2974 2980 2987 2998 3011 3022 3030 3035 3038 3040 3039 3035 3027 3015 3002 2987 2973 2960 2949 2937 2924 2911 2899 2899 2903 2911 2922 2936 2946 2951 2951 2944 2932 2917 2904 2893 2887 2886 2892 2896 2898 2898 2896 2890 2881 2871 2861 2852 2848 2845 2842 2839 2835 2831 2828 2825 2821 2818 2813 2809 2805 2805 2807 2811 2817 2825 2833 2839 2841 2842 2844 2849 2856 2862 2864 2866 2868 2874 2879 2883 2888 2890 2892 2896
2957 2963 2970 2981 2994 3006 3015 3021 3027 3031 3033 3032 3026 3018 3008 2997 2984 2972 2961 2949 2936 2920 2904 2898 2896 2899 2907 2920 2929 2933 2932 2926 2915 2903 2892 2883 2876 2872 2873 2873 2873 2872 2871 2868 2863 2857 2851 2847 2844 2842 2839 2836 2832 2828 2826 2823 2821 2819 2815 2810 2806 2807 2811 2820 2829 2838 2848 2856 2858 2859 2861 2867 2875 2883 2886 2888 2889 2892 2896 2900 2904 2908 2913 2919
2940 2946 2953 2964 2978 2990 3000 3008 3014 3021 3026 3026 3023 3017 3010 3001 2991 2981 2970 2959 2946 2929 2911 2899 2892 2890 2894 2904 2911 2914 2913 2907 2897 2887 2879 2872 2865 2860 2858 2856 2854 2853 2852 2851 2849 2847 2845 2843 2842 2840 2838 2834 2830 2828 2826 2824 2823 2822 2819 2816 2814 2816 2822 2834 2845 2855 2866 2874 2876 2877 2879 2885 2894 2903 2908 2910 2911 2912 2915 2918 2921 2925 2932 2939
2924 2930 2936 2948 2962 2975 2986 2994 3002 3010 3016 3018 3017 3013 3007 3001 2992 2984 2975 2964 2951 2935 2916 2900 2888 2882 2882 2889 2894 2895 2893 2888 2880 2873 2866 2861 2856 2851 2848 2846 2844 2843 2843 2842 2842 2842 2842 2841 2840 2839 2837 2834 2831 2830 2828 2827 2827 2828 2828 2828 2830 2834 2842 2855 2867 2878 2888 2894 2895 2895 2897 2903 2913 2922 2929 2932 2933 2933 2934 2935 2937 2941 2947 2953
2910 2915 2921 2934 2947 2960 2971 2980 2989 2998 3005 3009 3010 3006 3001 2995 2989 2981 2973 2964 2952 2937 2918 2900 2885 2875 2872 2874 2877 2877 2875 2870 2864 2859 2855 2851 2849 2846 2844 2842 2841 2840 2840 2840 2840 2840 2840 2840 2840 2839 2838 2836 2834 2833 2832 2832 2833 2835 2840 2845 2850 2857 2866 2880 2893 2904 2912 2916 2915 2914 2915 2922 2932 2941 2949 2954 2956 2954 2952 2951 2952 2955 2960 2965
2897 2902 2909 2921 2933 2945 2955 2965 2975 2985 2994 3000 3002 2998 2993 2987 2980 2974 2967 2960 2949 2935 2917 2899 2882 2869 2861 2859 2860 2860 2857 2854 2851 2848 2846 2845 2844 2843 2841 2840 2840 2840 2840 2840 2840 2840 2840 2840 2840 2840 2839 2839 2838 2837 2837 2838 2841 2845 2854 2862 2871 2880 2890 2904 2918 2929 2936 2938 2936 2934 2935 2942 2951 2960 2969 2976 2979 2976 2972 2968 2967 2968 2971 2974
2889 2892 2899 2911 2921 2930 2940 2950 2962 2974 2985 2992 2994 2989 2983 2976 2970 2965 2959 2952 2942 2929 2914 2896 2879 2864 2854 2850 2850 2849 2848 2846 2845 2843 2842 2842 2842 2841 2841 2840 2840 2840 2840 2840 2840 2840 2840 2840 2841 2842 2843 2842 2841 2842 2845 2848 2851 2857 2868 2880 2892 2903 2914 2928 2940 2949 2953 2954 2952 2952 2955 2962 2970 2978 2986 2992 2995 2995 2989 2985 2983 2982 2983 2984
2883 2885 2891 2901 2909 2917 2926 2938 2951 2965 2976 2983 2985 2978 2972 2966 2961 2956 2950 2942 2933 2922 2909 2893 2876 2862 2851 2845 2844 2843 2842 2842 2841 2841 2841 2840 2840 2840 2840 2840 2841 2841 2841 2841 2841 2842 2841 2841 2843 2845 2848 2848 2848 2851 2855 2859 2863 2870 2883 2897 2911 2924 2936 2950 2960 2967 2970 2970 2968 2969 2973 2980 2989 2996 3002 3007 3011 3011 3006 3001 2997 2994 2993 2992
2879 2880 2884 2891 2897 2905 2915 2927 2943 2957 2968 2974 2974 2967 2961 2956 2951 2946 2940 2933 2924 2914 2902 2888 2873 2860 2850 2843 2842 2841 2840 2840 2840 2840 2840 2840 2840 2840 2841 2841 2842 2843 2844 2844 2844 2845 2845 2844 2847 2851 2855 2858 2860 2864 2868 2872 2877 2884 2897 2912 2928 2943 2956 2968 2978 2984 2987 2987 2986 2987 2991 2997 3006 3012 3018 3022 3026 3026 3021 3015 3009 3004 3001 3000
2875 2876 2879 2883 2888 2895 2906 2919 2935 2949 2959 2963 2962 2955 2950 2945 2941 2936 2929 2922 2914 2904 2893 2880 2868 2858 2849 2843 2841 2840 2840 2840 2840 2840 2840 2840 2840 2840 2842 2843 2845 2847 2848 2848 2849 2850 2850 2849 2853 2859 2866 2873 2879 2884 2887 2890 2893 2898 2911 2926 2942 2958 2973 2984 2993 2999 3004 3005 3004 3005 3008 3013 3021 3028 3033 3037 3040 3040 3034 3027 3020 3013 3008 3007
2872 2872 2874 2877 2881 2888 2898 2912 2928 2942 2951 2953 2950 2943 2938 2934 2930 2926 2919 2911 2902 2893 2883 2872 2861 2853 2847 2843 2841 2840 2840 2840 2840 2840 2840 2840 2840 2841 2844 2846 2850 2853 2855 2854 2856 2857 2858 2858 2863 2871 2881 2892 2903 2909 2911 2912 2911 2912 2922 2937 2954 2971 2986 2997 3006 3014 3020 3024 3023 3023 3024 3029 3035 3042 3047 3051 3053 3052 3046 3038 3030 3022 3016 3015
2869 2869 2870 2874 2879 2885 2894 2905 2919 2930 2938 2940 2938 2931 2926 2923 2920 2916 2907 2898 2889 2880 2871 2862 2855 2849 2845 2842 2841 2840 2840 2840 2840 2840 2840 2841 2842 2844 2849 2855 2861 2866 2868 2867 2868 2870 2870 2871 2878 2888 2901 2915 2928 2933 2936 2934 2931 2927 2932 2944 2960 2979 2996 3008 3019 3027 3034 3040 3041 3041 3043 3046 3052 3058 3062 3065 3066 3066 3058 3048 3038 3030 3025 3025
2866 2866 2867 2871 2876 2882 2889 2898 2909 2918 2924 2926 2924 2919 2914 2911 2908 2904 2895 2886 2877 2869 2860 2854 2849 2846 2843 2841 2840 2840 2840 2840 2840 2841 2842 2844 2847 2851 2859 2868 2877 2883 2885 2885 2884 2884 2884 2885 2893 2905 2920 2936 2951 2956 2958 2955 2950 2942 2943 2952 2966 2985 3004 3018 3030 3040 3049 3056 3058 3060 3061 3065 3070 3075 3078 3081 3081 3079 3069 3057 3046 3038 3034 3034
2865 2865 2865 2867 2871 2876 2883 2890 2899 2906 2910 2912 2910 2905 2900 2896 2893 2889 2881 2873 2866 2858 2852 2848 2845 2843 2842 2840 2840 2840 2840 2840 2841 2843 2846 2851 2855 2862 2874 2886 2896 2903 2907 2906 2903 2901 2900 2900 2909 2922 2938 2955 2971 2977 2978 2974 2967 2957 2956 2962 2974 2992 3012 3028 3041 3053 3064 3073 3076 3078 3080 3083 3087 3091 3095 3097 3096 3092 3080 3067 3054 3046 3042 3043
2865 2864 2863 2864 2867 2871 2876 2883 2889 2894 2897 2898 2896 2890 2885 2880 2876 2872 2866 2860 2855 2850 2846 2844 2842 2841 2841 2840 2840 2841 2841 2841 2842 2846 2853 2860 2868 2879 2893 2906 2917 2926 2931 2928 2923 2919 2917 2917 2925 2938 2954 2972 2989 2995 2995 2991 2982 2972 2970 2974 2984 3001 3020 3037 3052 3066 3079 3090 3094 3096 3098 3101 3105 3108 3112 3113 3112 3106 3092 3077 3065 3056 3052 3052
2866 2863 2862 2861 2863 2865 2869 2874 2879 2882 2883 2884 2882 2876 2869 2863 2859 2856 2852 2849 2846 2843 2841 2841 2840 2840 2840 2841 2841 2842 2843 2843 2844 2851 2861 2873 2886 2901 2916 2930 2941 2949 2953 2949 2944 2939 2936 2936 2943 2954 2969 2988 3005 3011 3011 3006 2997 2987 2986 2989 2997 3010 3028 3046 3063 3079 3093 3106 3111 3115 3117 3120 3122 3125 3129 3130 3127 3119 3104 3089 3077 3067 3062 3062
2869 2865 2861 2860 2859 2860 2862 2865 2868 2870 2872 2873 2871 2865 2859 2853 2849 2847 2845 2844 2842 2841 2840 2840 2840 2841 2842 2843 2843 2845 2847 2849 2851 2862 2876 2893 2911 2928 2943 2956 2966 2971 2973 2969 2963 2959 2957 2958 2965 2974 2987 3002 3018 3024 3024 3020 3011 3002 3001 3005 3013 3025 3039 3058 3077 3095 3110 3123 3130 3134 3137 3139 3141 3143 3145 3144 3138 3128 3114 3100 3088 3078 3071 3070
2873 2868 2863 2859 2857 2856 2855 2856 2858 2860 2862 2863 2863 2858 2852 2847 2844 2842 2842 2841 2841 2840 2840 2840 2841 2842 2844 2846 2848 2851 2854 2858 2863 2876 2893 2913 2933 2952 2967 2979 2988 2992 2992 2987 2981 2978 2977 2979 2985 2993 3004 3016 3030 3035 3036 3032 3024 3017 3018 3022 3030 3040 3052 3070 3089 3108 3124 3137 3146 3152 3156 3158 3160 3159 3158 3154 3147 3135 3122 3109 3096 3086 3079 3077
2879 2872 2866 2861 2857 2853 2851 2850 2850 2852 2854 2855 2856 2853 2849 2845 2842 2841 2840 2840 2840 2840 2840 2841 2842 2844 2848 2851 2855 2860 2865 2871 2877 2892 2911 2932 2953 2974 2987 2999 3006 3010 3009 3003 2998 2994 2994 2998 3003 3010 3019 3029 3041 3046 3047 3044 3038 3033 3035 3039 3046 3055 3066 3083 3101 3118 3134 3148 3158 3166 3171 3174 3175 3173 3169 3163 3153 3141 3128 3115 3102 3092 3084 3081
2886 2879 2872 2865 2859 2853 2849 2847 2846 2847 2848 2849 2850 2849 2847 2845 2843 2841 2840 2840 2840 2840 2841 2842 2845 2848 2853 2859 2864 2871 2878 2885 2894 2909 2928 2949 2970 2991 3005 3016 3023 3026 3025 3018 3013 3010 3011 3015 3019 3025 3031 3040 3050 3056 3058 3056 3052 3049 3052 3057 3063 3072 3084 3099 3114 3128 3143 3156 3167 3176 3182 3185 3185 3181 3175 3167 3157 3144 3131 3117 3105 3094 3086 3081
2894 2886 2879 2871 2863 2856 2850 2846 2845 2844 2844 2845 2846 2846 2846 2845 2843 2841 2840 2840 2840 2842 2843 2845 2849 2855 2862 2869 2876 2883 2892 2901 2910 2925 2943 2964 2986 3007 3021 3032 3039 3042 3041 3034 3028 3026 3027 3031 3034 3037 3042 3049 3059 3066 3070 3070 3068 3066 3070 3075 3083 3092 3105 3117 3129 3140 3152 3165 3175 3183 3188 3190 3189 3183 3176 3167 3155 3142 3129 3116 3104 3094 3085 3079
2904 2895 2886 2879 2871 2864 2856 2851 2847 2845 2843 2843 2844 2844 2844 2843 2842 2840 2840 2840 2842 2845 2848 2853 2860 2869 2877 2884 2891 2899 2906 2915 2924 2939 2957 2977 2998 3019 3035 3047 3054 3057 3055 3047 3042 3041 3043 3047 3049 3050 3053 3060 3069 3078 3084 3087 3087 3087 3092 3097 3104 3113 3125 3135 3144 3153 3163 3174 3182 3188 3189 3187 3183 3176 3169 3159 3146 3132 3120 3108 3098 3089 3081 3074
2914 2905 2896 2890 2883 2875 2867 2859 2852 2848 2845 2845 2846 2845 2843 2842 2841 2841 2842 2843 2845 2849 2855 2863 2874 2885 2895 2902 2908 2915 2921 2929 2939 2954 2971 2990 3011 3031 3048 3061 3067 3069 3067 3059 3055 3055 3057 3062 3063 3064 3066 3071 3080 3090 3098 3104 3107 3109 3114 3119 3126 3134 3144 3151 3157 3162 3168 3176 3182 3185 3184 3180 3174 3166 3158 3148 3134 3118 3107 3097 3089 3081 3075 3067
2923 2915 2909 2904 2898 2891 2881 2870 2862 2855 2851 2851 2851 2849 2846 2843 2842 2843 2844 2847 2851 2857 2865 2876 2889 2902 2913 2920 2926 2931 2936 2944 2954 2969 2986 3004 3024 3044 3060 3072 3079 3080 3076 3070 3067 3067 3069 3074 3076 3077 3079 3083 3091 3101 3111 3119 3124 3128 3135 3141 3147 3154 3162 3165 3166 3167 3168 3171 3174 3174 3172 3167 3161 3154 3145 3134 3119 3103 3092 3083 3076 3070 3065 3058
2933 2926 2923 2921 2917 2910 2901 2888 2877 2868 2863 2861 2860 2856 2851 2847 2845 2846 2849 2853 2859 2867 2877 2889 2904 2918 2930 2939 2944 2948 2953 2960 2970 2984 3001 3019 3038 3057 3073 3083 3089 3089 3084 3080 3077 3078 3081 3086 3089 3090 3092 3096 3102 3113 3123 3133 3140 3147 3154 3161 3167 3172 3176 3175 3172 3167 3163 3160 3159 3157 3154 3151 3146 3139 3129 3118 3104 3088 3076 3067 3061 3056 3052 3047
2942 2938 2938 2939 2937 2933 2924 2912 2899 2888 2880 2876 2873 2867 2860 2854 2851 2850 2854 2860 2869 2878 2889 2903 2917 2931 2945 2956 2962 2966 2971 2978 2988 3001 3017 3035 3053 3072 3086 3095 3099 3098 3092 3089 3088 3089 3093 3098 3101 3104 3105 3109 3115 3125 3136 3147 3157 3165 3173 3179 3184 3185 3185 3181 3172 3162 3153 3146 3142 3138 3134 3132 3130 3122 3113 3102 3089 3074 3060 3050 3044 3040 3037 3034
2953 2953 2955 2957 2957 2954 2947 2936 2924 2913 2904 2897 2894 2886 2877 2869 2864 2862 2863 2869 2878 2890 2903 2916 2930 2944 2957 2969 2977 2982 2989 2998 3009 3021 3036 3052 3069 3085 3098 3106 3109 3108 3103 3102 3102 3104 3108 3114 3116 3118 3120 3124 3130 3140 3151 3161 3172 3182 3187 3190 3190 3188 3183 3175 3162 3148 3138 3131 3125 3120 3116 3113 3111 3104 3096 3085 3072 3056 3042 3031 3024 3021 3019 3016
