data/dem/DEM_30_0000768000_0009792000.asc
ncols 800
nrows 800
xllcenter 768015.000000
yllcenter -207985.000000
cellsize 30.000000
nodata_value -9999
[rows 114 to 151 of 800, columns 672 to 755 of 800]
4617 4622 4626 4629 4631 4633 4634 4636 4638 4639 4640 4642 4645 4647 4649 4651 4653 4654 4655 4657 4659 4659 4658 4656 4654 4652 4648 4645 4642 4639 4636 4634 4633 4633 4633 4633 4626 4616 4604 4589 4572 4544 4511 4475 4438 4400 4368 4337 4307 4276 4245 4218 4189 4159 4128 4100 4074 4049 4024 4001 3978 3961 3945 3930 3916 3904 3894 3886 3878 3871 3864 3862 3861 3862 3864 3866 3861 3854 3847 3839 3831 3819 3807 3796
4607 4611 4614 4617 4619 4621 4623 4625 4627 4629 4631 4634 4636 4639 4641 4643 4645 4647 4649 4650 4652 4652 4652 4650 4649 4646 4643 4640 4636 4633 4629 4627 4626 4626 4625 4624 4617 4607 4595 4580 4563 4535 4503 4469 4433 4397 4363 4331 4300 4272 4244 4217 4189 4159 4128 4098 4072 4046 4021 3997 3975 3957 3939 3923 3908 3894 3882 3872 3862 3853 3845 3842 3839 3838 3838 3839 3833 3825 3817 3808 3799 3787 3775 3764
4597 4599 4602 4603 4605 4607 4610 4613 4616 4618 4621 4625 4629 4632 4634 4636 4638 4640 4642 4644 4645 4646 4645 4644 4642 4640 4637 4633 4629 4626 4622 4620 4619 4618 4617 4615 4608 4599 4586 4571 4553 4525 4493 4459 4425 4391 4357 4324 4294 4266 4241 4216 4188 4158 4127 4097 4070 4043 4017 3993 3971 3952 3934 3917 3901 3887 3873 3860 3848 3838 3828 3823 3818 3815 3813 3811 3805 3798 3789 3780 3769 3758 3746 3734
4586 4588 4589 4590 4592 4595 4598 4601 4604 4607 4611 4615 4620 4624 4627 4629 4631 4633 4635 4637 4639 4639 4638 4637 4635 4633 4629 4625 4621 4618 4615 4613 4612 4611 4609 4607 4599 4590 4577 4562 4544 4514 4482 4449 4416 4385 4352 4319 4288 4261 4238 4214 4187 4157 4126 4095 4068 4040 4014 3990 3967 3947 3929 3912 3895 3879 3865 3851 3838 3825 3813 3805 3797 3791 3787 3784 3779 3772 3763 3752 3741 3730 3719 3707
4574 4576 4577 4578 4580 4583 4585 4588 4592 4597 4602 4606 4611 4615 4618 4620 4622 4624 4627 4629 4632 4631 4629 4627 4624 4622 4618 4614 4611 4609 4607 4606 4605 4604 4602 4598 4589 4579 4566 4551 4533 4506 4475 4443 4411 4381 4350 4318 4286 4259 4236 4213 4187 4157 4126 4095 4069 4042 4017 3993 3970 3948 3928 3909 3892 3876 3862 3848 3835 3821 3806 3794 3781 3771 3764 3759 3755 3748 3740 3729 3717 3707 3697 3684
4563 4564 4565 4566 4568 4570 4573 4576 4581 4587 4593 4598 4602 4606 4609 4610 4613 4615 4618 4621 4623 4621 4619 4616 4613 4611 4607 4604 4601 4600 4599 4598 4597 4596 4594 4589 4579 4568 4556 4540 4521 4495 4467 4437 4406 4376 4346 4315 4285 4258 4235 4210 4184 4156 4126 4097 4072 4046 4021 3997 3974 3951 3930 3910 3893 3877 3863 3850 3836 3821 3805 3787 3770 3755 3744 3736 3732 3726 3717 3706 3694 3683 3672 3658
4551 4552 4553 4555 4557 4559 4561 4564 4569 4576 4583 4589 4593 4597 4600 4601 4604 4607 4609 4611 4612 4611 4608 4605 4602 4600 4597 4594 4592 4590 4590 4589 4589 4588 4585 4580 4570 4559 4545 4528 4508 4484 4457 4429 4399 4369 4340 4311 4284 4258 4234 4207 4181 4155 4128 4102 4077 4052 4027 4002 3977 3955 3934 3915 3898 3884 3869 3855 3840 3824 3806 3785 3763 3743 3727 3716 3710 3704 3695 3684 3671 3658 3644 3628
4538 4540 4542 4544 4545 4547 4549 4553 4558 4565 4573 4579 4583 4587 4590 4592 4595 4597 4600 4601 4601 4600 4598 4595 4593 4591 4588 4585 4582 4580 4580 4580 4579 4578 4576 4571 4562 4549 4534 4516 4496 4472 4446 4420 4392 4362 4333 4307 4282 4258 4233 4204 4178 4153 4130 4107 4083 4058 4032 4006 3980 3960 3941 3924 3908 3893 3878 3861 3844 3827 3808 3784 3759 3735 3715 3700 3691 3683 3673 3662 3648 3632 3615 3597
4524 4526 4529 4531 4533 4535 4537 4541 4546 4554 4562 4568 4572 4576 4579 4582 4585 4587 4590 4591 4591 4590 4588 4586 4584 4581 4578 4575 4572 4570 4570 4570 4570 4569 4566 4562 4553 4540 4524 4506 4485 4462 4436 4410 4384 4357 4329 4304 4281 4257 4232 4202 4176 4153 4133 4112 4088 4063 4037 4010 3984 3966 3950 3935 3919 3904 3886 3867 3847 3828 3809 3784 3756 3730 3707 3686 3673 3662 3651 3639 3626 3608 3589 3570
4509 4511 4514 4517 4520 4522 4524 4527 4532 4540 4549 4555 4560 4564 4567 4570 4572 4574 4576 4578 4580 4579 4578 4577 4574 4572 4569 4566 4564 4562 4561 4561 4561 4561 4558 4554 4545 4533 4518 4499 4479 4457 4433 4408 4383 4356 4328 4303 4280 4257 4233 4204 4179 4156 4136 4116 4093 4068 4042 4017 3994 3977 3960 3944 3925 3904 3884 3863 3841 3821 3800 3777 3752 3727 3703 3679 3658 3641 3628 3616 3603 3586 3567 3549
4492 4495 4498 4501 4504 4507 4508 4510 4516 4523 4533 4541 4547 4552 4555 4558 4560 4562 4564 4566 4569 4569 4569 4567 4565 4562 4561 4559 4557 4555 4553 4553 4553 4552 4550 4545 4537 4526 4511 4492 4472 4452 4430 4406 4382 4356 4328 4303 4280 4258 4235 4208 4183 4160 4139 4119 4098 4074 4051 4028 4006 3987 3969 3949 3926 3901 3879 3856 3833 3810 3789 3768 3745 3721 3698 3673 3646 3624 3606 3593 3581 3565 3548 3532
4475 4477 4479 4481 4483 4486 4487 4490 4496 4505 4515 4524 4532 4537 4542 4545 4547 4550 4553 4556 4559 4560 4560 4559 4556 4553 4552 4550 4549 4546 4544 4544 4544 4543 4541 4536 4528 4517 4503 4484 4464 4446 4425 4403 4380 4355 4328 4304 4282 4260 4238 4213 4188 4164 4143 4123 4104 4083 4062 4041 4020 3999 3977 3954 3927 3899 3873 3848 3823 3799 3776 3756 3735 3714 3691 3667 3637 3610 3588 3572 3561 3547 3534 3521
4458 4458 4458 4458 4460 4461 4464 4468 4475 4485 4496 4506 4515 4522 4527 4532 4535 4538 4542 4545 4549 4550 4551 4550 4547 4544 4542 4541 4539 4537 4536 4535 4535 4534 4531 4526 4517 4506 4492 4475 4457 4439 4420 4399 4378 4354 4329 4305 4284 4264 4243 4218 4193 4169 4147 4128 4111 4093 4075 4055 4034 4011 3987 3961 3931 3900 3871 3842 3814 3787 3762 3742 3722 3702 3681 3658 3628 3599 3573 3555 3542 3532 3522 3511
4440 4437 4435 4435 4435 4436 4439 4444 4453 4465 4477 4488 4498 4506 4512 4518 4522 4526 4530 4534 4537 4540 4541 4540 4537 4533 4531 4530 4529 4528 4527 4527 4526 4524 4521 4515 4505 4493 4479 4464 4449 4432 4414 4395 4375 4353 4330 4308 4287 4268 4249 4224 4199 4174 4153 4134 4118 4103 4086 4068 4048 4025 4000 3972 3940 3907 3873 3839 3805 3775 3748 3727 3706 3686 3665 3644 3617 3589 3562 3541 3526 3518 3511 3502
4420 4416 4412 4410 4408 4408 4412 4420 4431 4444 4457 4469 4480 4490 4497 4503 4508 4513 4518 4522 4526 4528 4529 4528 4526 4523 4521 4519 4518 4517 4517 4516 4514 4511 4507 4500 4488 4476 4462 4449 4435 4419 4403 4386 4369 4351 4331 4311 4291 4272 4253 4229 4204 4180 4159 4141 4126 4111 4096 4080 4063 4041 4014 3984 3949 3913 3877 3839 3803 3768 3738 3714 3691 3668 3646 3623 3598 3571 3546 3525 3510 3503 3497 3490
4399 4395 4390 4387 4384 4384 4389 4398 4409 4424 4438 4451 4463 4474 4482 4488 4494 4499 4504 4508 4512 4515 4515 4515 4513 4511 4508 4506 4505 4504 4503 4501 4498 4494 4488 4481 4469 4457 4444 4431 4419 4404 4389 4374 4359 4345 4329 4310 4291 4273 4255 4231 4207 4185 4164 4146 4131 4117 4103 4089 4073 4050 4022 3988 3952 3914 3876 3838 3801 3764 3731 3705 3680 3655 3630 3605 3579 3553 3529 3510 3495 3489 3484 3478
4379 4374 4369 4365 4363 4363 4369 4378 4390 4404 4419 4434 4447 4459 4467 4474 4479 4484 4489 4493 4497 4499 4500 4499 4498 4496 4493 4491 4489 4487 4485 4482 4478 4472 4466 4459 4448 4436 4424 4412 4399 4386 4372 4358 4346 4335 4322 4306 4288 4270 4252 4229 4207 4186 4166 4148 4133 4119 4106 4092 4075 4049 4019 3984 3947 3908 3871 3834 3797 3761 3727 3699 3672 3646 3618 3592 3565 3538 3514 3496 3482 3477 3472 3467
4359 4354 4350 4346 4344 4344 4351 4360 4372 4386 4402 4418 4432 4443 4453 4460 4465 4470 4475 4478 4481 4482 4483 4482 4481 4479 4476 4474 4471 4468 4465 4461 4454 4446 4439 4433 4423 4412 4400 4389 4377 4365 4352 4340 4330 4321 4311 4297 4281 4263 4245 4224 4204 4184 4164 4147 4132 4118 4103 4087 4067 4038 4007 3972 3934 3896 3861 3827 3793 3759 3725 3696 3668 3640 3612 3584 3555 3527 3502 3484 3471 3466 3462 3457
4340 4336 4332 4328 4327 4328 4335 4344 4356 4370 4386 4401 4415 4427 4437 4446 4452 4457 4461 4464 4465 4466 4466 4466 4464 4461 4458 4454 4450 4446 4442 4437 4428 4419 4410 4403 4395 4385 4373 4362 4352 4340 4328 4318 4310 4305 4296 4285 4271 4254 4236 4216 4196 4176 4158 4141 4125 4110 4094 4074 4049 4019 3987 3952 3917 3880 3848 3817 3787 3756 3723 3694 3667 3639 3610 3582 3552 3521 3494 3474 3461 3456 3452 3447
4322 4319 4316 4313 4312 4313 4319 4328 4338 4350 4365 4380 4395 4409 4421 4431 4439 4445 4449 4450 4451 4452 4452 4451 4449 4444 4437 4431 4427 4423 4419 4413 4404 4393 4382 4371 4361 4352 4341 4329 4318 4308 4298 4291 4286 4284 4277 4267 4255 4239 4222 4203 4185 4166 4147 4129 4110 4091 4071 4048 4022 3992 3962 3932 3901 3870 3842 3815 3788 3758 3726 3698 3670 3641 3613 3586 3554 3521 3491 3470 3455 3448 3443 3438
4307 4304 4301 4298 4297 4299 4304 4312 4321 4331 4345 4361 4377 4392 4405 4416 4424 4430 4434 4435 4435 4436 4435 4434 4431 4425 4416 4410 4405 4401 4397 4390 4380 4368 4355 4341 4329 4319 4308 4295 4283 4274 4267 4263 4261 4261 4256 4249 4238 4224 4207 4190 4172 4154 4135 4116 4095 4073 4050 4025 4000 3971 3944 3917 3891 3864 3840 3817 3791 3761 3730 3702 3674 3645 3618 3591 3556 3522 3492 3469 3453 3444 3436 3430
4293 4291 4288 4286 4285 4287 4291 4297 4304 4314 4327 4343 4359 4374 4388 4399 4407 4412 4417 4418 4418 4418 4417 4415 4412 4406 4398 4391 4386 4381 4376 4366 4355 4342 4328 4312 4298 4285 4273 4261 4248 4241 4237 4235 4235 4236 4235 4230 4222 4209 4193 4176 4160 4142 4123 4103 4082 4059 4034 4010 3985 3958 3933 3910 3886 3861 3840 3818 3793 3764 3734 3707 3678 3650 3623 3595 3560 3525 3495 3471 3453 3442 3432 3424
4283 4280 4278 4277 4276 4277 4280 4284 4290 4299 4311 4326 4341 4356 4369 4379 4385 4392 4398 4400 4400 4399 4397 4396 4392 4387 4380 4374 4368 4362 4354 4342 4330 4315 4300 4283 4267 4253 4239 4227 4215 4209 4206 4205 4207 4210 4213 4212 4206 4195 4181 4165 4149 4133 4114 4094 4072 4049 4025 4002 3978 3953 3930 3907 3884 3861 3840 3818 3794 3767 3738 3710 3682 3655 3627 3599 3564 3531 3501 3476 3455 3442 3431 3421
4274 4272 4270 4269 4268 4268 4270 4273 4278 4285 4295 4309 4323 4336 4347 4355 4361 4369 4377 4382 4381 4379 4378 4376 4373 4369 4363 4357 4350 4342 4331 4317 4302 4287 4270 4253 4237 4222 4208 4196 4185 4177 4175 4176 4180 4186 4193 4195 4191 4182 4170 4156 4142 4127 4109 4088 4065 4043 4021 4000 3978 3954 3931 3908 3885 3862 3841 3819 3795 3769 3741 3714 3686 3660 3632 3603 3571 3539 3510 3483 3459 3444 3431 3420
4266 4265 4264 4263 4262 4261 4262 4264 4267 4272 4280 4291 4301 4310 4317 4324 4331 4340 4348 4352 4352 4351 4350 4349 4348 4346 4342 4336 4329 4319 4307 4292 4276 4260 4244 4228 4213 4199 4186 4175 4164 4155 4152 4153 4160 4169 4177 4181 4180 4174 4163 4152 4140 4127 4111 4090 4068 4046 4024 4002 3981 3959 3936 3912 3888 3864 3841 3819 3795 3769 3743 3717 3692 3667 3640 3612 3581 3549 3517 3488 3463 3446 3433 3421
4259 4258 4257 4256 4255 4254 4254 4254 4256 4258 4263 4269 4276 4282 4288 4295 4302 4309 4315 4317 4317 4317 4317 4317 4317 4318 4318 4314 4307 4297 4284 4268 4252 4237 4222 4207 4193 4180 4169 4158 4148 4140 4137 4138 4145 4156 4164 4170 4171 4167 4160 4150 4140 4128 4113 4094 4072 4050 4028 4007 3986 3964 3941 3917 3892 3867 3843 3820 3796 3770 3745 3721 3697 3673 3647 3620 3588 3555 3522 3492 3467 3450 3436 3424
4251 4250 4249 4247 4246 4246 4245 4244 4244 4243 4244 4247 4249 4254 4261 4268 4274 4278 4281 4281 4281 4281 4281 4282 4285 4290 4292 4291 4285 4275 4262 4246 4231 4216 4203 4190 4178 4167 4156 4146 4136 4131 4128 4129 4135 4145 4154 4160 4164 4163 4158 4151 4142 4130 4116 4098 4077 4055 4034 4012 3991 3969 3946 3921 3896 3871 3847 3822 3797 3772 3747 3725 3701 3677 3652 3626 3593 3559 3526 3497 3472 3455 3441 3429
4242 4240 4238 4236 4235 4235 4234 4232 4230 4227 4225 4224 4224 4228 4234 4242 4245 4247 4248 4247 4245 4245 4245 4248 4254 4262 4268 4268 4263 4253 4240 4226 4212 4199 4187 4177 4166 4156 4147 4137 4129 4125 4123 4124 4129 4137 4145 4152 4157 4159 4157 4152 4145 4134 4120 4103 4082 4061 4039 4017 3997 3974 3950 3924 3900 3876 3851 3826 3800 3774 3751 3729 3705 3680 3655 3629 3597 3563 3531 3503 3478 3461 3446 3434
4231 4228 4225 4223 4223 4223 4220 4218 4214 4210 4205 4202 4201 4203 4208 4214 4218 4219 4218 4215 4212 4211 4212 4216 4225 4237 4244 4246 4242 4232 4218 4206 4194 4183 4174 4166 4157 4147 4139 4131 4124 4122 4120 4121 4124 4131 4138 4146 4152 4155 4156 4153 4148 4139 4125 4108 4088 4066 4043 4021 4001 3978 3952 3926 3902 3880 3856 3830 3803 3778 3755 3732 3708 3682 3657 3631 3599 3567 3537 3510 3485 3467 3452 3439
4214 4211 4209 4207 4206 4203 4199 4195 4191 4187 4184 4181 4180 4181 4185 4191 4193 4193 4191 4188 4186 4186 4187 4192 4202 4216 4222 4224 4221 4213 4201 4190 4179 4171 4164 4157 4148 4140 4132 4127 4123 4120 4118 4118 4120 4126 4132 4139 4145 4150 4153 4152 4150 4143 4131 4113 4093 4071 4048 4027 4007 3982 3954 3927 3903 3881 3858 3833 3808 3784 3762 3737 3710 3683 3658 3633 3603 3574 3545 3518 3492 3474 3458 3443
4195 4193 4191 4190 4187 4182 4178 4173 4169 4165 4163 4162 4161 4161 4164 4168 4169 4168 4166 4164 4163 4163 4166 4172 4182 4194 4199 4200 4198 4193 4184 4174 4166 4159 4154 4149 4141 4134 4128 4124 4121 4119 4116 4115 4117 4121 4127 4133 4139 4145 4148 4149 4149 4144 4132 4116 4096 4075 4053 4032 4012 3986 3958 3930 3906 3884 3860 3836 3812 3789 3766 3740 3712 3684 3659 3635 3608 3581 3554 3526 3500 3481 3463 3448
4173 4172 4171 4170 4166 4161 4157 4153 4149 4146 4144 4143 4142 4142 4143 4146 4146 4144 4143 4142 4142 4143 4147 4153 4162 4173 4176 4177 4175 4171 4164 4157 4152 4148 4144 4140 4135 4130 4126 4123 4120 4118 4115 4113 4113 4117 4122 4128 4134 4139 4143 4144 4144 4140 4131 4116 4098 4077 4057 4036 4016 3990 3962 3935 3910 3887 3864 3840 3816 3792 3768 3741 3713 3686 3661 3639 3615 3589 3562 3534 3507 3487 3469 3453
4149 4147 4146 4145 4143 4139 4136 4133 4130 4128 4125 4124 4123 4122 4122 4123 4122 4122 4121 4121 4122 4125 4130 4136 4143 4150 4153 4153 4151 4148 4144 4140 4137 4136 4134 4133 4129 4127 4124 4122 4119 4116 4113 4111 4111 4113 4118 4124 4129 4134 4137 4138 4137 4134 4127 4116 4098 4079 4059 4039 4019 3993 3966 3941 3916 3891 3867 3843 3819 3794 3767 3741 3713 3687 3664 3645 3622 3597 3571 3543 3515 3494 3475 3459
4122 4120 4118 4116 4115 4113 4112 4111 4109 4107 4105 4104 4102 4101 4100 4099 4098 4099 4100 4101 4102 4106 4112 4117 4122 4126 4128 4128 4126 4124 4122 4121 4122 4123 4125 4125 4124 4123 4122 4121 4119 4116 4112 4109 4108 4110 4114 4119 4123 4127 4130 4131 4130 4127 4122 4114 4098 4080 4060 4041 4021 3996 3971 3946 3921 3894 3870 3845 3820 3794 3767 3740 3714 3689 3669 3652 3630 3607 3581 3552 3522 3500 3483 3467
4095 4088 4083 4081 4080 4079 4078 4077 4076 4076 4075 4074 4073 4073 4073 4073 4075 4077 4079 4081 4083 4088 4093 4098 4101 4103 4105 4105 4104 4102 4101 4102 4105 4110 4114 4117 4118 4119 4119 4120 4119 4116 4113 4109 4106 4105 4108 4112 4116 4120 4123 4123 4122 4120 4116 4109 4096 4081 4064 4046 4025 4000 3976 3951 3924 3896 3871 3846 3820 3794 3768 3743 3720 3698 3678 3659 3637 3614 3588 3560 3530 3511 3495 3480
4070 4060 4053 4050 4049 4049 4047 4046 4046 4046 4045 4046 4046 4046 4047 4049 4052 4055 4058 4060 4064 4069 4074 4077 4079 4081 4083 4085 4085 4084 4083 4086 4090 4096 4103 4109 4112 4116 4118 4119 4119 4117 4113 4109 4104 4100 4101 4104 4108 4111 4113 4113 4113 4112 4109 4103 4093 4082 4068 4050 4029 4003 3979 3953 3926 3899 3872 3845 3819 3794 3769 3747 3727 3707 3686 3666 3644 3622 3598 3572 3545 3528 3512 3497
4049 4038 4031 4027 4026 4026 4024 4023 4022 4022 4023 4024 4024 4024 4026 4029 4032 4035 4038 4040 4044 4050 4054 4057 4058 4060 4063 4067 4068 4068 4067 4071 4077 4085 4094 4102 4108 4113 4117 4118 4118 4116 4112 4107 4100 4095 4094 4095 4097 4099 4101 4101 4102 4102 4099 4095 4088 4080 4069 4052 4031 4005 3980 3955 3928 3901 3873 3845 3818 3794 3772 3752 3732 3713 3693 3673 3654 3634 3613 3590 3567 3550 3534 3518
4035 4024 4017 4014 4012 4012 4010 4009 4008 4008 4008 4010 4010 4011 4012 4015 4016 4018 4019 4022 4026 4030 4034 4037 4039 4041 4045 4049 4051 4052 4053 4058 4066 4076 4086 4096 4105 4111 4115 4116 4116 4113 4109 4103 4096 4089 4087 4086 4086 4087 4088 4089 4090 4090 4090 4087 4083 4076 4067 4052 4032 4007 3982 3957 3931 3904 3876 3847 3820 3797 3777 3757 3737 3718 3700 3684 3667 3649 3631 3613 3594 3576 3559 3541
